1734069599275 5.8 0
1734069609289 3.3 1
1734069619299 4.9 2
1734069629356 3.2 3
1734069639365 3.8 4
1734069649380 9.6 5
1734069659430 3.5 6
1734069669465 2.8 7
1734069679478 10.6 8
1734069689492 3.5 9
1734069699504 3.9 10
1734069709519 2.6 11
1734069719528 2.4 12
1734069729536 2.5 13
1734069739553 2.6 14
1734069749571 3.2 15
1734069759580 9.0 16
1734069769590 3.2 17
1734069779600 2.8 18
1734069789610 2.8 19
1734069799621 4.1 20
1734069809631 3.1 21
1734069819641 3.8 22
1734069829653 5.0 23
1734069839667 4.3 24
1734069849675 3.3 25
1734069859686 6.1 26
1734069869697 2.6 27
1734069879711 3.9 28
1734069889721 4.0 29
1734069899732 2.5 30
1734069909746 3.9 31
1734069919755 4.5 32
1734069929763 3.4 33
1734069939772 2.9 34
1734069949784 2.8 35
1734069959794 2.5 36
1734069969803 2.8 37
1734069979813 2.5 38
1734069989822 2.6 39
1734069999833 2.3 40
1734070009842 2.9 41
1734070019852 2.3 42
1734070029863 2.6 43
1734070039876 2.4 44
1734070049887 2.4 45
1734070059899 2.4 46
1734070069911 4.5 47
1734070079920 2.1 48
1734070089930 2.6 49
1734070099940 2.9 50
1734070109953 2.5 51
1734070119964 2.6 52
1734070129974 2.9 53
1734070139985 2.8 54
1734070149999 3.1 55
1734070160008 3.1 56
1734070170019 2.3 57
1734070180032 2.8 58
1734070190044 2.4 59
1734070200053 2.5 60
1734070210063 2.5 61
1734070220074 2.2 62
1734070230087 2.3 63
1734070240099 2.5 64
1734070250113 2.3 65
1734070260128 2.2 66
1734070270141 2.8 67
1734070280159 2.2 68
1734070290176 2.6 69
1734070300187 2.7 70
1734070310203 2.7 71
1734070320219 2.6 72
1734070330229 2.6 73
1734070340239 2.5 74
1734070350252 2.4 75
1734070360267 2.3 76
1734070370276 2.5 77
1734070380289 2.9 78
1734070390300 2.6 79
1734070400313 2.4 80
1734070410325 2.2 81
1734070420337 2.4 82
1734070430349 2.5 83
1734070440360 2.9 84
1734070450377 3.6 85
1734070460390 2.6 86
1734070470402 2.7 87
1734070480413 2.6 88
1734070490427 2.6 89
1734070500441 2.5 90
1734070510455 2.7 91
1734070520468 2.7 92
1734070530490 5.3 93
1734070540502 16.3 94
1734070550511 3.1 95
1734070560526 2.6 96
1734070570536 2.5 97
1734070580547 4.5 98
1734070590562 2.4 99
1734070600572 2.5 100
1734070610585 2.4 101
1734070620599 2.8 102
1734070630609 3.0 103
1734070640625 2.6 104
1734070650638 2.8 105
1734070660651 2.7 106
1734070670668 2.9 107
1734070680684 2.8 108
1734070690698 2.4 109
1734070700710 2.7 110
1734070710724 2.6 111
1734070720735 2.3 112
1734070730745 2.8 113
1734070740758 3.0 114
1734070750772 3.2 115
1734070760781 2.4 116
1734070770794 2.5 117
1734070780807 2.5 118
1734070790820 2.6 119
1734070800832 2.2 120
1734070810842 2.2 121
1734070820852 2.2 122
1734070830862 2.6 123
1734070840874 2.5 124
1734070850886 2.9 125
1734070860899 2.7 126
1734070870910 2.8 127
1734070880919 2.3 128
1734070890929 2.5 129
1734070900938 2.3 130
1734070910948 2.6 131
1734070920960 2.3 132
1734070930976 2.4 133
1734070940991 2.6 134
1734070951003 3.1 135
1734070961016 2.2 136
1734070971026 2.5 137
1734070981037 2.8 138
1734070991049 2.1 139
1734071001062 2.5 140
1734071011076 2.4 141
1734071021089 2.6 142
1734071031103 2.7 143
1734071041113 3.1 144
1734071051123 3.0 145
1734071061135 2.6 146
1734071071147 2.3 147
1734071081158 2.9 148
1734071091174 5.3 149
1734071101193 4.3 150
1734071111203 1.7 151
1734071121218 2.4 152
1734071131230 2.5 153
1734071141240 1.7 154
1734071151250 1.1 155
1734071161260 1.6 156
1734071171271 1.5 157
1734071181283 1.2 158
1734071191305 1.6 159
1734071201328 2.9 160
1734071211345 1.2 161
1734071221360 1.5 162
1734071231373 1.1 163
1734071241389 3.7 164
1734071251400 4.5 165
1734071261412 1.6 166
1734071271427 1.0 167
1734071281438 1.4 168
1734071291450 0.9 169
1734071301462 1.0 170
1734071311473 1.2 171
1734071321486 2.1 172
1734071331502 3.0 173
1734071341517 2.2 174
1734071351528 2.0 175
1734071361540 2.4 176
1734071371559 1.2 177
1734071381576 9.0 178
1734071391594 1.4 179
1734071401622 1.0 180
1734071411642 4.8 181
1734071421666 1.4 182
1734071431677 1.1 183
1734071441694 1.0 184
1734071451709 1.2 185
1734071461726 1.9 186
1734071471737 1.6 187
1734071481755 1.0 188
1734071491770 0.9 189
1734071501788 1.1 190
1734071511798 2.2 191
1734071521815 3.1 192
1734071531832 1.5 193
1734071541846 2.3 194
1734071551863 1.0 195
1734071561873 1.0 196
1734071571885 1.8 197
1734071581899 4.4 198
1734071591919 3.5 199
1734071601935 2.6 200
1734071611947 1.0 201
1734071621961 0.9 202
1734071631979 1.2 203
1734071641991 1.5 204
1734071652003 0.9 205
1734071662013 1.1 206
1734071672026 1.0 207
1734071682038 1.1 208
1734071692053 1.1 209
1734071702067 0.9 210
1734071712080 1.0 211
1734071722097 1.1 212
1734071732113 1.1 213
1734071742127 1.0 214
1734071752143 1.2 215
1734071762153 1.1 216
1734071772164 1.0 217
1734071782177 1.1 218
1734071792194 0.9 219
1734071802205 1.0 220
1734071812221 1.2 221
1734071822238 1.0 222
1734071832250 1.0 223
1734071842268 0.9 224
1734071852279 0.9 225
1734071862294 1.0 226
1734071872312 1.2 227
1734071882325 1.0 228
1734071892337 1.1 229
1734071902353 0.9 230
1734071912364 1.1 231
1734071922381 0.8 232
1734071932397 1.2 233
1734071942410 1.5 234
1734071952430 1.2 235
1734071962450 2.3 236
1734071972470 1.0 237
1734071982482 1.0 238
1734071992498 1.1 239
1734072002515 0.9 240
1734072012527 1.1 241
1734072022544 1.3 242
1734072032557 1.1 243
1734072042570 1.1 244
1734072052581 1.2 245
1734072062592 1.1 246
1734072072608 1.0 247
1734072082627 0.7 248
1734072092639 1.0 249
1734072102650 1.1 250
1734072112664 1.1 251
1734072122678 1.0 252
1734072132689 1.0 253
1734072142704 1.1 254
1734072152719 0.9 255
1734072162732 1.0 256
1734072172747 1.2 257
1734072182764 1.0 258
1734072192778 0.9 259
1734072202795 1.1 260
1734072212808 0.9 261
1734072222820 0.9 262
1734072232840 1.2 263
1734072242861 1.5 264
1734072252890 1.1 265
1734072262902 1.1 266
1734072272916 1.0 267
1734072282935 1.0 268
1734072292948 4.5 269
1734072302970 10.6 270
1734072312982 1.2 271
1734072323001 1.2 272
1734072333019 1.0 273
1734072343036 1.1 274
1734072353052 1.3 275
1734072363068 1.0 276
1734072373130 1.0 277
1734072383146 1.2 278
1734072393161 1.0 279
1734072403176 1.0 280
1734072413189 1.4 281
1734072423204 1.1 282
1734072433219 0.9 283
1734072443230 1.0 284
1734072453248 1.1 285
1734072463267 1.1 286
1734072473282 1.3 287
1734072483299 1.0 288
1734072493317 1.1 289
1734072503331 1.1 290
1734072513348 1.2 291
1734072523364 0.9 292
1734072533382 1.0 293
1734072543397 1.4 294
1734072553412 1.0 295
1734072563432 1.1 296
1734072573446 0.9 297
1734072583504 0.9 298
1734072593520 1.3 299
1734072603532 0.9 300
1734072613546 1.0 301
1734072623558 0.9 302
1734072633571 0.8 303
1734072643588 0.8 304
1734072653603 1.1 305
1734072663618 1.0 306
1734072673635 1.0 307
1734072683646 1.1 308
1734072693658 0.9 309
1734072703672 1.1 310
1734072713687 1.3 311
1734072723704 0.9 312
1734072733721 1.0 313
1734072743734 0.9 314
1734072753754 1.1 315
1734072763772 1.0 316
1734072773788 1.2 317
1734072783804 1.0 318
1734072793829 1.1 319
1734072803847 1.0 320
1734072813869 1.0 321
1734072823883 1.0 322
1734072833900 1.3 323
1734072843914 1.6 324
1734072853927 1.1 325
1734072863946 1.2 326
1734072873964 1.0 327
1734072883998 1.0 328
1734072894012 1.3 329
1734072904023 0.9 330
1734072914040 1.0 331
1734072924063 1.1 332
1734072934076 2.1 333
1734072944087 1.0 334
1734072954102 1.2 335
1734072964118 1.0 336
1734072974139 1.1 337
1734072984156 1.1 338
1734072994168 1.1 339
1734073004209 1.2 340
1734073014223 1.2 341
1734073024242 0.9 342
1734073034260 1.0 343
1734073044272 1.1 344
1734073054283 1.0 345
1734073064297 0.9 346
1734073074310 1.4 347
1734073084330 1.0 348
1734073094362 1.0 349
1734073104374 1.1 350
1734073114387 0.9 351
1734073124403 0.9 352
1734073134420 0.9 353
1734073144438 1.4 354
1734073154459 1.3 355
1734073164476 1.1 356
1734073174491 1.0 357
1734073184514 1.0 358
1734073194524 1.2 359
1734073204542 0.9 360
1734073214557 1.0 361
1734073224574 1.0 362
1734073234589 1.0 363
1734073244605 0.8 364
1734073254619 1.3 365
1734073264634 1.1 366
1734073274654 1.0 367
1734073284666 1.0 368
1734073294677 0.9 369
1734073304691 1.1 370
1734073314709 1.2 371
1734073324725 0.9 372
1734073334743 1.1 373
1734073344758 1.0 374
1734073354772 0.9 375
1734073364790 1.2 376
1734073374809 1.1 377
1734073384826 0.9 378
1734073394838 1.2 379
1734073404885 1.1 380
1734073828372 2.0 381
1734073838390 13.1 382
1734073848408 1.7 383
1734073858426 0.9 384
1734073868446 1.1 385
1734073878489 1.2 386
1734073888512 1.2 387
1734073898545 1.9 388
1734073908566 1.7 389
1734073918581 1.9 390
1734073928595 1.1 391
1734073938612 1.0 392
1734073948630 1.0 393
1734073958658 1.0 394
1734073968676 1.3 395
1734073978695 1.3 396
1734073988709 0.9 397
1734073998725 1.2 398
1734074008742 1.3 399
1734074018763 1.0 400
1734074028801 1.3 401
1734074038824 1.6 402
1734074048844 1.0 403
1734074058860 1.0 404
1734074068877 1.2 405
1734074078898 1.1 406
1734074088921 1.3 407
1734074098941 1.3 408
1734074109101 1.3 409
1734074119118 1.9 410
1734074129135 1.3 411
1734074139154 1.2 412
1734074149170 1.4 413
1734074159204 1.2 414
1734074169222 6.0 415
1734074179252 1.8 416
1734074189270 1.5 417
1734074199300 1.3 418
1734074209318 1.4 419
1734074219521 1.2 420
1734074229539 1.4 421
1734074239553 1.1 422
1734074249569 1.7 423
1734074259727 1.2 424
1734074269742 1.6 425
1734074279763 1.1 426
1734074289954 1.5 427
1734074299972 1.7 428
1734074309988 1.5 429
1734074320004 1.2 430
1734074330021 1.2 431
1734074340041 1.2 432
1734074350063 1.4 433
1734074360080 1.1 434
1734074370095 1.2 435
1734074380109 1.4 436
1734074390126 1.5 437
1734074400147 1.3 438
1734074410163 1.9 439
1734074420180 1.1 440
1734074430235 1.6 441
1734074440252 1.5 442
