1734069599275 920538.3 0
1734069609289 920538.3 1
1734069619299 920538.3 2
1734069629356 920538.3 3
1734069639365 920538.3 4
1734069649380 920538.1 5
1734069659430 920538.1 6
1734069669465 920538.1 7
1734069679478 920538.1 8
1734069689492 920538.1 9
1734069699504 920538.1 10
1734069709519 920537.9 11
1734069719528 920537.9 12
1734069729536 920537.9 13
1734069739553 920537.9 14
1734069749571 920537.9 15
1734069759580 920537.9 16
1734069769590 920537.8 17
1734069779600 920537.8 18
1734069789610 920537.8 19
1734069799621 920537.8 20
1734069809631 920537.8 21
1734069819641 920537.8 22
1734069829653 920537.7 23
1734069839667 920537.7 24
1734069849675 920537.7 25
1734069859686 920537.7 26
1734069869697 920537.7 27
1734069879711 920537.7 28
1734069889721 920537.6 29
1734069899732 920537.6 30
1734069909746 920537.6 31
1734069919755 920537.6 32
1734069929763 920537.6 33
1734069939772 920537.6 34
1734069949784 920537.5 35
1734069959794 920537.5 36
1734069969803 920537.5 37
1734069979813 920537.5 38
1734069989822 920537.5 39
1734069999833 920537.5 40
1734070009842 920537.4 41
1734070019852 920537.4 42
1734070029863 920537.4 43
1734070039876 920537.4 44
1734070049887 920537.4 45
1734070059899 920537.4 46
1734070069911 920537.3 47
1734070079920 920537.3 48
1734070089930 920537.3 49
1734070099940 920537.3 50
1734070109953 920537.3 51
1734070119964 920537.3 52
1734070129974 920537.2 53
1734070139985 920537.2 54
1734070149999 920537.2 55
1734070160008 920537.2 56
1734070170019 920537.2 57
1734070180032 920537.2 58
1734070190044 920537.1 59
1734070200053 920537.1 60
1734070210063 920537.1 61
1734070220074 920537.1 62
1734070230087 920537.1 63
1734070240099 920537.1 64
1734070250113 920537.0 65
1734070260128 920537.0 66
1734070270141 920537.0 67
1734070280159 920537.0 68
1734070290176 920537.0 69
1734070300187 920536.9 70
1734070310203 920536.9 71
1734070320219 920536.9 72
1734070330229 920536.9 73
1734070340239 920536.9 74
1734070350252 920536.8 75
1734070360267 920536.8 76
1734070370276 920536.7 77
1734070380289 920536.7 78
1734070390300 920536.7 79
1734070400313 920536.7 80
1734070410325 920536.7 81
1734070420337 920536.7 82
1734070430349 920536.6 83
1734070440360 920536.6 84
1734070450377 920536.6 85
1734070460390 920536.6 86
1734070470402 920536.6 87
1734070480413 920536.6 88
1734070490427 920536.5 89
1734070500441 920536.5 90
1734070510455 920536.5 91
1734070520468 920536.5 92
1734070530490 920536.6 93
1734070540502 920536.4 94
1734070550511 920536.4 95
1734070560526 920536.4 96
1734070570536 920536.3 97
1734070580547 920536.3 98
1734070590562 920536.3 99
1734070600572 920536.3 100
1734070610585 920536.2 101
1734070620599 920536.2 102
1734070630609 920536.2 103
1734070640625 920536.2 104
1734070650638 920536.2 105
1734070660651 920536.2 106
1734070670668 920536.1 107
1734070680684 920536.1 108
1734070690698 920536.1 109
1734070700710 920536.1 110
1734070710724 920536.1 111
1734070720735 920536.1 112
1734070730745 920536.0 113
1734070740758 920536.0 114
1734070750772 920536.0 115
1734070760781 920536.0 116
1734070770794 920536.0 117
1734070780807 920536.0 118
1734070790820 920535.9 119
1734070800832 920535.9 120
1734070810842 920535.9 121
1734070820852 920535.9 122
1734070830862 920535.9 123
1734070840874 920535.9 124
1734070850886 920535.8 125
1734070860899 920535.8 126
1734070870910 920535.8 127
1734070880919 920535.8 128
1734070890929 920535.8 129
1734070900938 920535.7 130
1734070910948 920535.7 131
1734070920960 920535.7 132
1734070930976 920535.7 133
1734070940991 920535.7 134
1734070951003 920535.7 135
1734070961016 920535.6 136
1734070971026 920535.5 137
1734070981037 920535.5 138
1734070991049 920535.5 139
1734071001062 920535.5 140
1734071011076 920535.5 141
1734071021089 920535.5 142
1734071031103 920535.4 143
1734071041113 920535.4 144
1734071051123 920535.4 145
1734071061135 920535.4 146
1734071071147 920535.4 147
1734071081158 920535.4 148
1734071091174 920535.4 149
1734071101193 920535.4 150
1734071111203 920535.4 151
1734071121218 920535.4 152
1734071131230 920535.4 153
1734071141240 920535.4 154
1734071151250 920535.4 155
1734071161260 920535.4 156
1734071171271 920535.4 157
1734071181283 920535.4 158
1734071191305 920535.4 159
1734071201328 920535.4 160
1734071211345 920535.4 161
1734071221360 920535.4 162
1734071231373 920535.4 163
1734071241389 920535.7 164
1734071251400 920535.7 165
1734071261412 920535.7 166
1734071271427 920535.7 167
1734071281438 920535.7 168
1734071291450 920535.7 169
1734071301462 920535.7 170
1734071311473 920535.7 171
1734071321486 920535.7 172
1734071331502 920535.8 173
1734071341517 920535.8 174
1734071351528 920535.9 175
1734071361540 920535.9 176
1734071371559 920535.9 177
1734071381576 920535.8 178
1734071391594 920535.8 179
1734071401622 920535.8 180
1734071411642 920535.8 181
1734071421666 920535.8 182
1734071431677 920535.8 183
1734071441694 920535.8 184
1734071451709 920535.8 185
1734071461726 920535.8 186
1734071471737 920535.8 187
1734071481755 920535.8 188
1734071491770 920535.8 189
1734071501788 920535.8 190
1734071511798 920535.9 191
1734071521815 920535.9 192
1734071531832 920535.9 193
1734071541846 920535.9 194
1734071551863 920535.9 195
1734071561873 920535.9 196
1734071571885 920535.9 197
1734071581899 920536.0 198
1734071591919 920536.0 199
1734071601935 920535.9 200
1734071611947 920535.9 201
1734071621961 920535.9 202
1734071631979 920535.9 203
1734071641991 920535.9 204
1734071652003 920535.9 205
1734071662013 920535.9 206
1734071672026 920535.9 207
1734071682038 920535.9 208
1734071692053 920535.9 209
1734071702067 920535.9 210
1734071712080 920535.9 211
1734071722097 920535.9 212
1734071732113 920535.9 213
1734071742127 920535.9 214
1734071752143 920535.9 215
1734071762153 920535.9 216
1734071772164 920535.9 217
1734071782177 920535.9 218
1734071792194 920535.9 219
1734071802205 920535.9 220
1734071812221 920535.9 221
1734071822238 920535.9 222
1734071832250 920535.9 223
1734071842268 920535.9 224
1734071852279 920535.9 225
1734071862294 920535.9 226
1734071872312 920535.9 227
1734071882325 920535.9 228
1734071892337 920535.9 229
1734071902353 920535.9 230
1734071912364 920535.9 231
1734071922381 920535.9 232
1734071932397 920535.9 233
1734071942410 920535.9 234
1734071952430 920535.9 235
1734071962450 920535.9 236
1734071972470 920535.9 237
1734071982482 920535.9 238
1734071992498 920535.9 239
1734072002515 920535.9 240
1734072012527 920535.9 241
1734072022544 920535.9 242
1734072032557 920535.9 243
1734072042570 920535.9 244
1734072052581 920535.9 245
1734072062592 920535.9 246
1734072072608 920535.9 247
1734072082627 920535.9 248
1734072092639 920535.9 249
1734072102650 920535.9 250
1734072112664 920535.9 251
1734072122678 920535.9 252
1734072132689 920535.9 253
1734072142704 920535.9 254
1734072152719 920535.9 255
1734072162732 920535.9 256
1734072172747 920535.9 257
1734072182764 920535.9 258
1734072192778 920535.9 259
1734072202795 920535.9 260
1734072212808 920535.9 261
1734072222820 920535.9 262
1734072232840 920535.9 263
1734072242861 920535.9 264
1734072252890 920535.9 265
1734072262902 920535.9 266
1734072272916 920535.9 267
1734072282935 920535.9 268
1734072292948 920535.9 269
1734072302970 920535.9 270
1734072312982 920535.9 271
1734072323001 920535.9 272
1734072333019 920535.9 273
1734072343036 920535.9 274
1734072353052 920535.9 275
1734072363068 920535.9 276
1734072373130 920535.9 277
1734072383146 920535.9 278
1734072393161 920535.9 279
1734072403176 920535.9 280
1734072413189 920535.9 281
1734072423204 920535.9 282
1734072433219 920535.9 283
1734072443230 920535.9 284
1734072453248 920535.9 285
1734072463267 920535.9 286
1734072473282 920535.9 287
1734072483299 920535.9 288
1734072493317 920535.9 289
1734072503331 920535.9 290
1734072513348 920535.9 291
1734072523364 920535.9 292
1734072533382 920535.9 293
1734072543397 920535.9 294
1734072553412 920535.9 295
1734072563432 920535.9 296
1734072573446 920535.9 297
1734072583504 920535.9 298
1734072593520 920535.9 299
1734072603532 920535.9 300
1734072613546 920535.9 301
1734072623558 920535.9 302
1734072633571 920535.9 303
1734072643588 920535.9 304
1734072653603 920535.9 305
1734072663618 920535.9 306
1734072673635 920535.9 307
1734072683646 920535.9 308
1734072693658 920535.9 309
1734072703672 920535.9 310
1734072713687 920535.9 311
1734072723704 920535.9 312
1734072733721 920535.9 313
1734072743734 920535.9 314
1734072753754 920535.9 315
1734072763772 920535.9 316
1734072773788 920535.9 317
1734072783804 920535.9 318
1734072793829 920535.9 319
1734072803847 920535.9 320
1734072813869 920535.9 321
1734072823883 920535.9 322
1734072833900 920535.9 323
1734072843914 920535.9 324
1734072853927 920535.9 325
1734072863946 920535.9 326
1734072873964 920535.9 327
1734072883998 920535.9 328
1734072894012 920535.9 329
1734072904023 920535.9 330
1734072914040 920535.9 331
1734072924063 920535.9 332
1734072934076 920535.9 333
1734072944087 920535.9 334
1734072954102 920535.9 335
1734072964118 920535.9 336
1734072974139 920535.9 337
1734072984156 920535.9 338
1734072994168 920535.9 339
1734073004209 920535.9 340
1734073014223 920535.9 341
1734073024242 920535.9 342
1734073034260 920535.9 343
1734073044272 920535.9 344
1734073054283 920535.9 345
1734073064297 920535.9 346
1734073074310 920535.9 347
1734073084330 920535.9 348
1734073094362 920535.9 349
1734073104374 920535.9 350
1734073114387 920535.9 351
1734073124403 920535.9 352
1734073134420 920535.9 353
1734073144438 920535.9 354
1734073154459 920535.9 355
1734073164476 920535.9 356
1734073174491 920535.9 357
1734073184514 920535.9 358
1734073194524 920535.9 359
1734073204542 920535.9 360
1734073214557 920535.9 361
1734073224574 920535.9 362
1734073234589 920535.9 363
1734073244605 920535.9 364
1734073254619 920535.9 365
1734073264634 920535.9 366
1734073274654 920535.9 367
1734073284666 920535.9 368
1734073294677 920535.9 369
1734073304691 920535.9 370
1734073314709 920535.9 371
1734073324725 920535.9 372
1734073334743 920535.9 373
1734073344758 920535.9 374
1734073354772 920535.9 375
1734073364790 920535.9 376
1734073374809 920535.9 377
1734073384826 920535.9 378
1734073394838 920535.9 379
1734073404885 920535.9 380
1734073828372 920535.9 381
1734073838390 920535.9 382
1734073848408 920535.9 383
1734073858426 920535.9 384
1734073868446 920535.9 385
1734073878489 920535.9 386
1734073888512 920535.9 387
1734073898545 920535.9 388
1734073908566 920535.9 389
1734073918581 920535.9 390
1734073928595 920535.9 391
1734073938612 920535.9 392
1734073948630 920535.9 393
1734073958658 920535.9 394
1734073968676 920535.9 395
1734073978695 920535.9 396
1734073988709 920535.9 397
1734073998725 920535.9 398
1734074008742 920535.9 399
1734074018763 920535.9 400
1734074028801 920535.9 401
1734074038824 920535.9 402
1734074048844 920535.9 403
1734074058860 920535.9 404
1734074068877 920535.9 405
1734074078898 920535.9 406
1734074088921 920535.9 407
1734074098941 920535.9 408
1734074109101 920535.9 409
1734074119118 920535.9 410
1734074129135 920535.9 411
1734074139154 920535.9 412
1734074149170 920535.9 413
1734074159204 920535.9 414
1734074169222 920535.9 415
1734074179252 920535.9 416
1734074189270 920535.9 417
1734074199300 920535.9 418
1734074209318 920535.9 419
1734074219521 920535.9 420
1734074229539 920535.9 421
1734074239553 920535.9 422
1734074249569 920535.7 423
1734074259727 920535.7 424
1734074269742 920535.7 425
1734074279763 920535.7 426
1734074289954 920535.7 427
1734074299972 920535.7 428
1734074309988 920535.7 429
1734074320004 920535.7 430
1734074330021 920535.7 431
1734074340041 920535.7 432
1734074350063 920535.7 433
1734074360080 920535.7 434
1734074370095 920535.7 435
1734074380109 920535.7 436
1734074390126 920535.7 437
1734074400147 920535.7 438
1734074410163 920535.7 439
1734074420180 920535.7 440
1734074430235 920535.7 441
1734074440252 920535.7 442
