1734069599275 105570.5 0
1734069609289 105570.5 1
1734069619299 105570.5 2
1734069629356 105570.5 3
1734069639365 105570.5 4
1734069649380 105570.7 5
1734069659430 105570.8 6
1734069669465 105570.8 7
1734069679478 105570.7 8
1734069689492 105570.7 9
1734069699504 105570.8 10
1734069709519 105570.9 11
1734069719528 105570.9 12
1734069729536 105570.9 13
1734069739553 105570.9 14
1734069749571 105570.9 15
1734069759580 105570.9 16
1734069769590 105571.0 17
1734069779600 105571.0 18
1734069789610 105571.0 19
1734069799621 105571.0 20
1734069809631 105571.0 21
1734069819641 105571.0 22
1734069829653 105571.1 23
1734069839667 105571.1 24
1734069849675 105571.1 25
1734069859686 105571.1 26
1734069869697 105571.1 27
1734069879711 105571.1 28
1734069889721 105571.2 29
1734069899732 105571.2 30
1734069909746 105571.2 31
1734069919755 105571.2 32
1734069929763 105571.2 33
1734069939772 105571.2 34
1734069949784 105571.3 35
1734069959794 105571.3 36
1734069969803 105571.3 37
1734069979813 105571.3 38
1734069989822 105571.3 39
1734069999833 105571.3 40
1734070009842 105571.4 41
1734070019852 105571.4 42
1734070029863 105571.4 43
1734070039876 105571.4 44
1734070049887 105571.4 45
1734070059899 105571.4 46
1734070069911 105571.5 47
1734070079920 105571.5 48
1734070089930 105571.5 49
1734070099940 105571.5 50
1734070109953 105571.5 51
1734070119964 105571.5 52
1734070129974 105571.6 53
1734070139985 105571.6 54
1734070149999 105571.6 55
1734070160008 105571.6 56
1734070170019 105571.6 57
1734070180032 105571.7 58
1734070190044 105571.7 59
1734070200053 105571.7 60
1734070210063 105571.7 61
1734070220074 105571.7 62
1734070230087 105571.7 63
1734070240099 105571.8 64
1734070250113 105571.8 65
1734070260128 105571.8 66
1734070270141 105571.9 67
1734070280159 105571.9 68
1734070290176 105571.9 69
1734070300187 105571.9 70
1734070310203 105572.0 71
1734070320219 105572.0 72
1734070330229 105572.0 73
1734070340239 105572.0 74
1734070350252 105572.0 75
1734070360267 105572.0 76
1734070370276 105572.1 77
1734070380289 105572.1 78
1734070390300 105572.1 79
1734070400313 105572.1 80
1734070410325 105572.1 81
1734070420337 105572.1 82
1734070430349 105572.2 83
1734070440360 105572.2 84
1734070450377 105572.2 85
1734070460390 105572.2 86
1734070470402 105572.2 87
1734070480413 105572.2 88
1734070490427 105572.3 89
1734070500441 105572.3 90
1734070510455 105572.3 91
1734070520468 105572.3 92
1734070530490 105572.3 93
1734070540502 105572.4 94
1734070550511 105572.5 95
1734070560526 105572.5 96
1734070570536 105572.5 97
1734070580547 105572.5 98
1734070590562 105572.5 99
1734070600572 105572.5 100
1734070610585 105572.6 101
1734070620599 105572.6 102
1734070630609 105572.6 103
1734070640625 105572.6 104
1734070650638 105572.6 105
1734070660651 105572.6 106
1734070670668 105572.7 107
1734070680684 105572.7 108
1734070690698 105572.7 109
1734070700710 105572.7 110
1734070710724 105572.7 111
1734070720735 105572.7 112
1734070730745 105572.8 113
1734070740758 105572.8 114
1734070750772 105572.8 115
1734070760781 105572.8 116
1734070770794 105572.8 117
1734070780807 105572.8 118
1734070790820 105572.9 119
1734070800832 105572.9 120
1734070810842 105572.9 121
1734070820852 105572.9 122
1734070830862 105572.9 123
1734070840874 105573.0 124
1734070850886 105573.0 125
1734070860899 105573.0 126
1734070870910 105573.0 127
1734070880919 105573.1 128
1734070890929 105573.1 129
1734070900938 105573.1 130
1734070910948 105573.2 131
1734070920960 105573.2 132
1734070930976 105573.2 133
1734070940991 105573.2 134
1734070951003 105573.2 135
1734070961016 105573.2 136
1734070971026 105573.3 137
1734070981037 105573.3 138
1734070991049 105573.3 139
1734071001062 105573.3 140
1734071011076 105573.3 141
1734071021089 105573.3 142
1734071031103 105573.4 143
1734071041113 105573.4 144
1734071051123 105573.4 145
1734071061135 105573.4 146
1734071071147 105573.4 147
1734071081158 105573.4 148
1734071091174 105573.5 149
1734071101193 105573.4 150
1734071111203 105573.4 151
1734071121218 105573.4 152
1734071131230 105573.4 153
1734071141240 105573.4 154
1734071151250 105573.4 155
1734071161260 105573.5 156
1734071171271 105573.5 157
1734071181283 105573.5 158
1734071191305 105573.5 159
1734071201328 105573.5 160
1734071211345 105573.5 161
1734071221360 105573.5 162
1734071231373 105573.5 163
1734071241389 105573.1 164
1734071251400 105573.1 165
1734071261412 105573.1 166
1734071271427 105573.1 167
1734071281438 105573.1 168
1734071291450 105573.1 169
1734071301462 105573.1 170
1734071311473 105573.1 171
1734071321486 105573.1 172
1734071331502 105573.0 173
1734071341517 105573.0 174
1734071351528 105573.0 175
1734071361540 105573.0 176
1734071371559 105573.0 177
1734071381576 105573.0 178
1734071391594 105573.0 179
1734071401622 105573.0 180
1734071411642 105573.0 181
1734071421666 105573.0 182
1734071431677 105573.0 183
1734071441694 105573.0 184
1734071451709 105573.0 185
1734071461726 105573.0 186
1734071471737 105573.0 187
1734071481755 105573.0 188
1734071491770 105573.0 189
1734071501788 105573.0 190
1734071511798 105573.0 191
1734071521815 105572.9 192
1734071531832 105572.9 193
1734071541846 105572.9 194
1734071551863 105572.9 195
1734071561873 105572.9 196
1734071571885 105572.9 197
1734071581899 105572.9 198
1734071591919 105572.9 199
1734071601935 105572.9 200
1734071611947 105572.9 201
1734071621961 105572.9 202
1734071631979 105572.9 203
1734071641991 105572.9 204
1734071652003 105572.9 205
1734071662013 105572.9 206
1734071672026 105572.9 207
1734071682038 105572.9 208
1734071692053 105572.9 209
1734071702067 105572.9 210
1734071712080 105572.9 211
1734071722097 105572.9 212
1734071732113 105572.9 213
1734071742127 105572.9 214
1734071752143 105572.9 215
1734071762153 105572.9 216
1734071772164 105572.9 217
1734071782177 105572.9 218
1734071792194 105572.9 219
1734071802205 105572.9 220
1734071812221 105572.9 221
1734071822238 105572.9 222
1734071832250 105572.9 223
1734071842268 105572.9 224
1734071852279 105572.9 225
1734071862294 105572.9 226
1734071872312 105572.9 227
1734071882325 105572.9 228
1734071892337 105572.9 229
1734071902353 105572.9 230
1734071912364 105572.9 231
1734071922381 105572.9 232
1734071932397 105572.9 233
1734071942410 105572.9 234
1734071952430 105572.9 235
1734071962450 105572.9 236
1734071972470 105572.9 237
1734071982482 105572.9 238
1734071992498 105572.9 239
1734072002515 105572.9 240
1734072012527 105572.9 241
1734072022544 105572.9 242
1734072032557 105572.9 243
1734072042570 105572.9 244
1734072052581 105572.9 245
1734072062592 105572.9 246
1734072072608 105572.9 247
1734072082627 105572.9 248
1734072092639 105572.9 249
1734072102650 105572.9 250
1734072112664 105572.9 251
1734072122678 105572.9 252
1734072132689 105572.9 253
1734072142704 105572.9 254
1734072152719 105572.9 255
1734072162732 105572.9 256
1734072172747 105572.9 257
1734072182764 105572.9 258
1734072192778 105572.9 259
1734072202795 105572.9 260
1734072212808 105572.9 261
1734072222820 105572.9 262
1734072232840 105572.9 263
1734072242861 105572.9 264
1734072252890 105572.9 265
1734072262902 105572.9 266
1734072272916 105572.9 267
1734072282935 105572.9 268
1734072292948 105572.9 269
1734072302970 105572.9 270
1734072312982 105572.9 271
1734072323001 105572.9 272
1734072333019 105572.9 273
1734072343036 105572.9 274
1734072353052 105572.9 275
1734072363068 105572.9 276
1734072373130 105572.9 277
1734072383146 105572.9 278
1734072393161 105572.9 279
1734072403176 105572.9 280
1734072413189 105572.9 281
1734072423204 105572.9 282
1734072433219 105572.9 283
1734072443230 105572.9 284
1734072453248 105572.9 285
1734072463267 105572.9 286
1734072473282 105572.9 287
1734072483299 105572.9 288
1734072493317 105572.9 289
1734072503331 105572.9 290
1734072513348 105572.9 291
1734072523364 105572.9 292
1734072533382 105572.9 293
1734072543397 105572.9 294
1734072553412 105572.9 295
1734072563432 105572.9 296
1734072573446 105572.9 297
1734072583504 105572.9 298
1734072593520 105572.9 299
1734072603532 105572.9 300
1734072613546 105572.9 301
1734072623558 105572.9 302
1734072633571 105572.9 303
1734072643588 105572.9 304
1734072653603 105572.9 305
1734072663618 105572.9 306
1734072673635 105572.9 307
1734072683646 105572.9 308
1734072693658 105572.9 309
1734072703672 105572.9 310
1734072713687 105572.9 311
1734072723704 105572.9 312
1734072733721 105572.9 313
1734072743734 105572.9 314
1734072753754 105572.9 315
1734072763772 105572.9 316
1734072773788 105572.9 317
1734072783804 105572.9 318
1734072793829 105572.9 319
1734072803847 105572.9 320
1734072813869 105572.9 321
1734072823883 105572.9 322
1734072833900 105572.9 323
1734072843914 105572.9 324
1734072853927 105572.9 325
1734072863946 105572.9 326
1734072873964 105572.9 327
1734072883998 105572.9 328
1734072894012 105572.9 329
1734072904023 105572.9 330
1734072914040 105572.9 331
1734072924063 105572.9 332
1734072934076 105572.9 333
1734072944087 105572.9 334
1734072954102 105572.9 335
1734072964118 105572.9 336
1734072974139 105572.9 337
1734072984156 105572.9 338
1734072994168 105572.9 339
1734073004209 105572.9 340
1734073014223 105572.9 341
1734073024242 105572.9 342
1734073034260 105572.9 343
1734073044272 105572.9 344
1734073054283 105572.9 345
1734073064297 105572.9 346
1734073074310 105572.9 347
1734073084330 105572.9 348
1734073094362 105572.9 349
1734073104374 105572.9 350
1734073114387 105572.9 351
1734073124403 105572.9 352
1734073134420 105572.9 353
1734073144438 105572.9 354
1734073154459 105572.9 355
1734073164476 105572.9 356
1734073174491 105572.9 357
1734073184514 105572.9 358
1734073194524 105572.9 359
1734073204542 105572.9 360
1734073214557 105572.9 361
1734073224574 105572.9 362
1734073234589 105572.9 363
1734073244605 105572.9 364
1734073254619 105572.9 365
1734073264634 105572.9 366
1734073274654 105572.9 367
1734073284666 105572.9 368
1734073294677 105572.9 369
1734073304691 105572.9 370
1734073314709 105572.9 371
1734073324725 105572.9 372
1734073334743 105572.9 373
1734073344758 105572.9 374
1734073354772 105572.9 375
1734073364790 105572.9 376
1734073374809 105572.9 377
1734073384826 105573.0 378
1734073394838 105573.0 379
1734073404885 105573.0 380
1734073828372 105573.0 381
1734073838390 105573.0 382
1734073848408 105573.0 383
1734073858426 105573.0 384
1734073868446 105573.0 385
1734073878489 105573.0 386
1734073888512 105573.0 387
1734073898545 105573.0 388
1734073908566 105573.0 389
1734073918581 105573.0 390
1734073928595 105573.0 391
1734073938612 105573.0 392
1734073948630 105573.0 393
1734073958658 105573.0 394
1734073968676 105573.0 395
1734073978695 105573.0 396
1734073988709 105573.0 397
1734073998725 105573.0 398
1734074008742 105573.0 399
1734074018763 105573.0 400
1734074028801 105573.0 401
1734074038824 105573.0 402
1734074048844 105573.0 403
1734074058860 105573.0 404
1734074068877 105573.0 405
1734074078898 105573.0 406
1734074088921 105573.0 407
1734074098941 105573.0 408
1734074109101 105573.0 409
1734074119118 105573.0 410
1734074129135 105573.0 411
1734074139154 105573.0 412
1734074149170 105573.0 413
1734074159204 105573.0 414
1734074169222 105573.0 415
1734074179252 105573.0 416
1734074189270 105573.0 417
1734074199300 105573.0 418
1734074209318 105573.0 419
1734074219521 105573.0 420
1734074229539 105573.0 421
1734074239553 105573.0 422
1734074249569 105573.1 423
1734074259727 105573.1 424
1734074269742 105573.1 425
1734074279763 105573.1 426
1734074289954 105573.1 427
1734074299972 105573.1 428
1734074309988 105573.1 429
1734074320004 105573.1 430
1734074330021 105573.1 431
1734074340041 105573.1 432
1734074350063 105573.1 433
1734074360080 105573.1 434
1734074370095 105573.1 435
1734074380109 105573.1 436
1734074390126 105573.1 437
1734074400147 105573.1 438
1734074410163 105573.1 439
1734074420180 105573.1 440
1734074430235 105573.1 441
1734074440252 105573.1 442
