1734069599275 10.3 0
1734069609289 10.3 1
1734069619299 10.3 2
1734069629356 10.3 3
1734069639365 10.3 4
1734069649380 10.3 5
1734069659430 10.3 6
1734069669465 10.3 7
1734069679478 10.3 8
1734069689492 10.3 9
1734069699504 10.3 10
1734069709519 10.3 11
1734069719528 10.3 12
1734069729536 10.3 13
1734069739553 10.3 14
1734069749571 10.3 15
1734069759580 10.3 16
1734069769590 10.3 17
1734069779600 10.3 18
1734069789610 10.3 19
1734069799621 10.3 20
1734069809631 10.3 21
1734069819641 10.3 22
1734069829653 10.3 23
1734069839667 10.3 24
1734069849675 10.3 25
1734069859686 10.3 26
1734069869697 10.3 27
1734069879711 10.3 28
1734069889721 10.3 29
1734069899732 10.3 30
1734069909746 10.3 31
1734069919755 10.3 32
1734069929763 10.3 33
1734069939772 10.3 34
1734069949784 10.3 35
1734069959794 10.3 36
1734069969803 10.3 37
1734069979813 10.3 38
1734069989822 10.3 39
1734069999833 10.3 40
1734070009842 10.3 41
1734070019852 10.3 42
1734070029863 10.3 43
1734070039876 10.3 44
1734070049887 10.3 45
1734070059899 10.3 46
1734070069911 10.3 47
1734070079920 10.3 48
1734070089930 10.3 49
1734070099940 10.3 50
1734070109953 10.3 51
1734070119964 10.3 52
1734070129974 10.3 53
1734070139985 10.3 54
1734070149999 10.3 55
1734070160008 10.3 56
1734070170019 10.3 57
1734070180032 10.3 58
1734070190044 10.3 59
1734070200053 10.3 60
1734070210063 10.3 61
1734070220074 10.3 62
1734070230087 10.3 63
1734070240099 10.3 64
1734070250113 10.3 65
1734070260128 10.3 66
1734070270141 10.3 67
1734070280159 10.3 68
1734070290176 10.3 69
1734070300187 10.3 70
1734070310203 10.3 71
1734070320219 10.3 72
1734070330229 10.3 73
1734070340239 10.3 74
1734070350252 10.3 75
1734070360267 10.3 76
1734070370276 10.3 77
1734070380289 10.3 78
1734070390300 10.3 79
1734070400313 10.3 80
1734070410325 10.3 81
1734070420337 10.3 82
1734070430349 10.3 83
1734070440360 10.3 84
1734070450377 10.3 85
1734070460390 10.3 86
1734070470402 10.3 87
1734070480413 10.3 88
1734070490427 10.3 89
1734070500441 10.3 90
1734070510455 10.3 91
1734070520468 10.3 92
1734070530490 10.3 93
1734070540502 10.3 94
1734070550511 10.3 95
1734070560526 10.3 96
1734070570536 10.3 97
1734070580547 10.3 98
1734070590562 10.3 99
1734070600572 10.3 100
1734070610585 10.3 101
1734070620599 10.3 102
1734070630609 10.3 103
1734070640625 10.3 104
1734070650638 10.3 105
1734070660651 10.3 106
1734070670668 10.3 107
1734070680684 10.3 108
1734070690698 10.3 109
1734070700710 10.3 110
1734070710724 10.3 111
1734070720735 10.3 112
1734070730745 10.3 113
1734070740758 10.3 114
1734070750772 10.3 115
1734070760781 10.3 116
1734070770794 10.3 117
1734070780807 10.3 118
1734070790820 10.3 119
1734070800832 10.3 120
1734070810842 10.3 121
1734070820852 10.3 122
1734070830862 10.3 123
1734070840874 10.3 124
1734070850886 10.3 125
1734070860899 10.3 126
1734070870910 10.3 127
1734070880919 10.3 128
1734070890929 10.3 129
1734070900938 10.3 130
1734070910948 10.3 131
1734070920960 10.3 132
1734070930976 10.3 133
1734070940991 10.3 134
1734070951003 10.3 135
1734070961016 10.3 136
1734070971026 10.3 137
1734070981037 10.3 138
1734070991049 10.3 139
1734071001062 10.3 140
1734071011076 10.3 141
1734071021089 10.3 142
1734071031103 10.3 143
1734071041113 10.3 144
1734071051123 10.3 145
1734071061135 10.3 146
1734071071147 10.3 147
1734071081158 10.3 148
1734071091174 10.3 149
1734071101193 10.3 150
1734071111203 10.3 151
1734071121218 10.3 152
1734071131230 10.3 153
1734071141240 10.3 154
1734071151250 10.3 155
1734071161260 10.3 156
1734071171271 10.3 157
1734071181283 10.3 158
1734071191305 10.3 159
1734071201328 10.3 160
1734071211345 10.3 161
1734071221360 10.3 162
1734071231373 10.3 163
1734071241389 10.3 164
1734071251400 10.3 165
1734071261412 10.3 166
1734071271427 10.3 167
1734071281438 10.3 168
1734071291450 10.3 169
1734071301462 10.3 170
1734071311473 10.3 171
1734071321486 10.3 172
1734071331502 10.3 173
1734071341517 10.3 174
1734071351528 10.3 175
1734071361540 10.3 176
1734071371559 10.3 177
1734071381576 10.3 178
1734071391594 10.3 179
1734071401622 10.3 180
1734071411642 10.3 181
1734071421666 10.3 182
1734071431677 10.3 183
1734071441694 10.3 184
1734071451709 10.3 185
1734071461726 10.3 186
1734071471737 10.3 187
1734071481755 10.3 188
1734071491770 10.3 189
1734071501788 10.3 190
1734071511798 10.3 191
1734071521815 10.3 192
1734071531832 10.3 193
1734071541846 10.3 194
1734071551863 10.3 195
1734071561873 10.3 196
1734071571885 10.3 197
1734071581899 10.3 198
1734071591919 10.3 199
1734071601935 10.3 200
1734071611947 10.3 201
1734071621961 10.3 202
1734071631979 10.3 203
1734071641991 10.3 204
1734071652003 10.3 205
1734071662013 10.3 206
1734071672026 10.3 207
1734071682038 10.3 208
1734071692053 10.3 209
1734071702067 10.3 210
1734071712080 10.3 211
1734071722097 10.3 212
1734071732113 10.3 213
1734071742127 10.3 214
1734071752143 10.3 215
1734071762153 10.3 216
1734071772164 10.3 217
1734071782177 10.3 218
1734071792194 10.3 219
1734071802205 10.3 220
1734071812221 10.3 221
1734071822238 10.3 222
1734071832250 10.3 223
1734071842268 10.3 224
1734071852279 10.3 225
1734071862294 10.3 226
1734071872312 10.3 227
1734071882325 10.3 228
1734071892337 10.3 229
1734071902353 10.3 230
1734071912364 10.3 231
1734071922381 10.3 232
1734071932397 10.3 233
1734071942410 10.3 234
1734071952430 10.3 235
1734071962450 10.3 236
1734071972470 10.3 237
1734071982482 10.3 238
1734071992498 10.3 239
1734072002515 10.3 240
1734072012527 10.3 241
1734072022544 10.3 242
1734072032557 10.3 243
1734072042570 10.3 244
1734072052581 10.3 245
1734072062592 10.3 246
1734072072608 10.3 247
1734072082627 10.3 248
1734072092639 10.3 249
1734072102650 10.3 250
1734072112664 10.3 251
1734072122678 10.3 252
1734072132689 10.3 253
1734072142704 10.3 254
1734072152719 10.3 255
1734072162732 10.3 256
1734072172747 10.3 257
1734072182764 10.3 258
1734072192778 10.3 259
1734072202795 10.3 260
1734072212808 10.3 261
1734072222820 10.3 262
1734072232840 10.3 263
1734072242861 10.3 264
1734072252890 10.3 265
1734072262902 10.3 266
1734072272916 10.3 267
1734072282935 10.3 268
1734072292948 10.3 269
1734072302970 10.3 270
1734072312982 10.3 271
1734072323001 10.3 272
1734072333019 10.3 273
1734072343036 10.3 274
1734072353052 10.3 275
1734072363068 10.3 276
1734072373130 10.3 277
1734072383146 10.3 278
1734072393161 10.3 279
1734072403176 10.3 280
1734072413189 10.3 281
1734072423204 10.3 282
1734072433219 10.3 283
1734072443230 10.3 284
1734072453248 10.3 285
1734072463267 10.3 286
1734072473282 10.3 287
1734072483299 10.3 288
1734072493317 10.3 289
1734072503331 10.3 290
1734072513348 10.3 291
1734072523364 10.3 292
1734072533382 10.3 293
1734072543397 10.3 294
1734072553412 10.3 295
1734072563432 10.3 296
1734072573446 10.3 297
1734072583504 10.3 298
1734072593520 10.3 299
1734072603532 10.3 300
1734072613546 10.3 301
1734072623558 10.3 302
1734072633571 10.3 303
1734072643588 10.3 304
1734072653603 10.3 305
1734072663618 10.3 306
1734072673635 10.3 307
1734072683646 10.3 308
1734072693658 10.3 309
1734072703672 10.3 310
1734072713687 10.3 311
1734072723704 10.3 312
1734072733721 10.3 313
1734072743734 10.3 314
1734072753754 10.3 315
1734072763772 10.3 316
1734072773788 10.3 317
1734072783804 10.3 318
1734072793829 10.3 319
1734072803847 10.3 320
1734072813869 10.3 321
1734072823883 10.3 322
1734072833900 10.3 323
1734072843914 10.3 324
1734072853927 10.3 325
1734072863946 10.3 326
1734072873964 10.3 327
1734072883998 10.3 328
1734072894012 10.3 329
1734072904023 10.3 330
1734072914040 10.3 331
1734072924063 10.3 332
1734072934076 10.3 333
1734072944087 10.3 334
1734072954102 10.3 335
1734072964118 10.3 336
1734072974139 10.3 337
1734072984156 10.3 338
1734072994168 10.3 339
1734073004209 10.3 340
1734073014223 10.3 341
1734073024242 10.3 342
1734073034260 10.3 343
1734073044272 10.3 344
1734073054283 10.3 345
1734073064297 10.3 346
1734073074310 10.3 347
1734073084330 10.3 348
1734073094362 10.3 349
1734073104374 10.3 350
1734073114387 10.3 351
1734073124403 10.3 352
1734073134420 10.3 353
1734073144438 10.3 354
1734073154459 10.3 355
1734073164476 10.3 356
1734073174491 10.3 357
1734073184514 10.3 358
1734073194524 10.3 359
1734073204542 10.3 360
1734073214557 10.3 361
1734073224574 10.3 362
1734073234589 10.3 363
1734073244605 10.3 364
1734073254619 10.3 365
1734073264634 10.3 366
1734073274654 10.3 367
1734073284666 10.3 368
1734073294677 10.3 369
1734073304691 10.3 370
1734073314709 10.3 371
1734073324725 10.3 372
1734073334743 10.3 373
1734073344758 10.3 374
1734073354772 10.3 375
1734073364790 10.3 376
1734073374809 10.3 377
1734073384826 10.3 378
1734073394838 10.3 379
1734073404885 10.3 380
1734073828372 10.3 381
1734073838390 10.3 382
1734073848408 10.3 383
1734073858426 10.3 384
1734073868446 10.3 385
1734073878489 10.3 386
1734073888512 10.3 387
1734073898545 10.3 388
1734073908566 10.3 389
1734073918581 10.3 390
1734073928595 10.3 391
1734073938612 10.3 392
1734073948630 10.3 393
1734073958658 10.3 394
1734073968676 10.3 395
1734073978695 10.3 396
1734073988709 10.3 397
1734073998725 10.3 398
1734074008742 10.3 399
1734074018763 10.3 400
1734074028801 10.3 401
1734074038824 10.3 402
1734074048844 10.3 403
1734074058860 10.3 404
1734074068877 10.3 405
1734074078898 10.3 406
1734074088921 10.3 407
1734074098941 10.3 408
1734074109101 10.3 409
1734074119118 10.3 410
1734074129135 10.3 411
1734074139154 10.3 412
1734074149170 10.3 413
1734074159204 10.3 414
1734074169222 10.3 415
1734074179252 10.3 416
1734074189270 10.3 417
1734074199300 10.3 418
1734074209318 10.3 419
1734074219521 10.3 420
1734074229539 10.3 421
1734074239553 10.3 422
1734074249569 10.3 423
1734074259727 10.3 424
1734074269742 10.3 425
1734074279763 10.3 426
1734074289954 10.3 427
1734074299972 10.3 428
1734074309988 10.3 429
1734074320004 10.3 430
1734074330021 10.3 431
1734074340041 10.3 432
1734074350063 10.3 433
1734074360080 10.3 434
1734074370095 10.3 435
1734074380109 10.3 436
1734074390126 10.3 437
1734074400147 10.3 438
1734074410163 10.3 439
1734074420180 10.3 440
1734074430235 10.3 441
1734074440252 10.3 442
