1734069599275 0.0009410000002390007 0
1734069609289 3.384762000000137 1
1734069619299 7.01933500000041 2
1734069629356 9.066208000000188 3
1734069639365 9.97313000000031 4
1734069649380 13.754769000000124 5
1734069659430 14.495509000000311 6
1734069669465 15.022134000000278 7
1734069679478 17.494451000000026 8
1734069689492 19.88687400000026 9
1734069699504 23.92943200000036 10
1734069709519 24.40961100000004 11
1734069719528 24.912478000000192 12
1734069729536 25.445364000000154 13
1734069739553 25.95118900000034 14
1734069749571 35.12928200000033 15
1734069759580 36.43272700000034 16
1734069769590 37.00698700000021 17
1734069779600 37.56807800000024 18
1734069789610 38.20258899999999 19
1734069799621 40.67640300000039 20
1734069809631 43.820514 21
1734069819641 47.121008000000074 22
1734069829653 47.85325600000033 23
1734069839667 52.57827600000019 24
1734069849675 55.71486900000036 25
1734069859686 59.71943300000021 26
1734069869697 61.46133000000009 27
1734069879711 63.50810900000033 28
1734069889721 65.68718600000011 29
1734069899732 66.27813000000015 30
1734069909746 68.72198500000013 31
1734069919755 72.25124600000026 32
1734069929763 74.676782 33
1734069939772 75.2270480000002 34
1734069949784 75.74475200000006 35
1734069959794 76.24551900000006 36
1734069969803 76.7447030000003 37
1734069979813 77.23251000000027 38
1734069989822 78.77663600000005 39
1734069999833 79.25915600000008 40
1734070009842 79.78066500000023 41
1734070019852 80.26026900000033 42
1734070029863 80.74997200000007 43
1734070039876 81.2255610000002 44
1734070049887 81.71608400000014 45
1734070059899 82.18760400000019 46
1734070069911 84.55058500000041 47
1734070079920 85.02529300000015 48
1734070089930 85.58639100000028 49
1734070099940 86.0594000000001 50
1734070109953 86.62149200000022 51
1734070119964 87.08786700000019 52
1734070129974 87.58823500000017 53
1734070139985 89.63376100000005 54
1734070149999 90.21594700000014 55
1734070160008 94.3544710000001 56
1734070170019 94.83933700000034 57
1734070180032 95.31757900000002 58
1734070190044 95.79060100000015 59
1734070200053 96.26074200000039 60
1734070210063 96.7234440000002 61
1734070220074 97.23411400000032 62
1734070230087 97.721 63
1734070240099 98.20927000000029 64
1734070250113 98.68199900000036 65
1734070260128 99.15193100000033 66
1734070270141 99.61497200000031 67
1734070280159 100.08567500000026 68
1734070290176 100.56290100000024 69
1734070300187 101.10395800000015 70
1734070310203 101.63246300000037 71
1734070320219 102.10355500000014 72
1734070330229 102.56679200000008 73
1734070340239 103.0368910000002 74
1734070350252 103.50699600000007 75
1734070360267 103.96928600000001 76
1734070370276 104.44141200000013 77
1734070380289 104.91102600000022 78
1734070390300 105.373603 79
1734070400313 105.84387400000014 80
1734070410325 106.31370500000003 81
1734070420337 106.77593500000012 82
1734070430349 107.24846100000013 83
1734070440360 109.24216800000022 84
1734070450377 109.711863 85
1734070460390 110.18409800000018 86
1734070470402 110.6546400000002 87
1734070480413 111.11725100000012 88
1734070490427 111.58989400000019 89
1734070500441 112.0686740000001 90
1734070510455 112.61754000000019 91
1734070520468 113.10765300000003 92
1734070530490 114.26237300000003 93
1734070540502 118.72221200000013 94
1734070550511 120.49360000000024 95
1734070560526 120.96361300000035 96
1734070570536 121.43645600000036 97
1734070580547 121.99810400000024 98
1734070590562 122.510264 99
1734070600572 123.00597900000002 100
1734070610585 123.48865800000021 101
1734070620599 123.95878000000039 102
1734070630609 124.55092000000013 103
1734070640625 125.1767120000004 104
1734070650638 125.74553100000003 105
1734070660651 126.34455000000025 106
1734070670668 126.93919000000005 107
1734070680684 127.56695600000012 108
1734070690698 128.02916100000039 109
1734070700710 128.4998010000004 110
1734070710724 128.9611160000004 111
1734070720735 129.43086300000004 112
1734070730745 129.9413770000001 113
1734070740758 131.93548900000042 114
1734070750772 132.40291400000024 115
1734070760781 132.87482799999998 116
1734070770794 133.34616900000037 117
1734070780807 133.80999800000018 118
1734070790820 134.28458200000023 119
1734070800832 134.6645940000003 120
1734070810842 135.12692200000038 121
1734070820852 135.59912200000008 122
1734070830862 136.07054000000016 123
1734070840874 136.5341030000004 124
1734070850886 137.01375700000017 125
1734070860899 137.48529700000017 126
1734070870910 137.949525 127
1734070880919 138.42171700000017 128
1734070890929 138.89314400000012 129
1734070900938 139.35701800000015 130
1734070910948 139.83143400000017 131
1734070920960 140.3030620000004 132
1734070930976 140.76689700000043 133
1734070940991 141.2390250000003 134
1734070951003 141.7105300000003 135
1734070961016 142.17452400000002 136
1734070971026 142.64890100000002 137
1734070981037 143.1206060000004 138
1734070991049 143.58489700000018 139
1734071001062 144.0784490000001 140
1734071011076 144.55692100000033 141
1734071021089 145.02170700000033 142
1734071031103 145.49643500000002 143
1734071041113 147.492252 144
1734071051123 148.0560700000001 145
1734071061135 148.5647310000004 146
1734071071147 149.0908040000004 147
1734071081158 149.59308099999998 148
1734071091174 151.6711180000002 149
1734071101193 154.7562700000003 150
1734071111203 156.25112900000022 151
1734071121218 156.29403700000012 152
1734071131230 156.3125530000002 153
1734071141240 156.57104700000036 154
1734071151250 156.64740400000028 155
1734071161260 156.86102800000026 156
1734071171271 157.12719100000004 157
1734071181283 157.2628090000003 158
1734071191305 157.45443000000023 159
1734071201328 157.69510900000023 160
1734071211345 157.78784300000007 161
1734071221360 158.00421300000016 162
1734071231373 158.07581000000027 163
1734071241389 158.49591200000032 164
1734071251400 161.82910600000014 165
1734071261412 164.40303800000038 166
1734071271427 164.4856950000003 167
1734071281438 165.92830800000002 168
1734071291450 165.94901500000014 169
1734071301462 165.97039500000028 170
1734071311473 166.04239300000017 171
1734071321486 166.2273970000001 172
1734071331502 169.01863600000024 173
1734071341517 172.07248200000004 174
1734071351528 173.5067710000003 175
1734071361540 173.571778 176
1734071371559 173.64490300000034 177
1734071381576 176.53519200000028 178
1734071391594 176.59834900000033 179
1734071401622 176.6610300000002 180
1734071411642 177.0889900000002 181
1734071421666 179.61575800000037 182
1734071431677 179.6974750000004 183
1734071441694 179.71153300000014 184
1734071451709 179.728521 185
1734071461726 179.9508450000003 186
1734071471737 180.18375100000003 187
1734071481755 180.25657300000012 188
1734071491770 180.26624500000025 189
1734071501788 180.3423130000001 190
1734071511798 182.0001430000002 191
1734071521815 184.81648600000017 192
1734071531832 186.02735800000028 193
1734071541846 186.0369800000003 194
1734071551863 186.04652400000032 195
1734071561873 186.05691800000022 196
1734071571885 186.55163600000014 197
1734071581899 189.81614800000034 198
1734071591919 192.940294 199
1734071601935 194.4235980000003 200
1734071611947 194.4362610000003 201
1734071621961 194.44743500000004 202
1734071631979 194.4591750000004 203
1734071641991 195.9923660000004 204
1734071652003 196.017511 205
1734071662013 196.05604600000015 206
1734071672026 196.06879500000014 207
1734071682038 196.07959500000015 208
1734071692053 196.09152500000027 209
1734071702067 196.10111900000038 210
1734071712080 196.11197300000003 211
1734071722097 196.1215790000001 212
1734071732113 196.1310400000002 213
1734071742127 196.14164000000028 214
1734071752143 196.15314400000034 215
1734071762153 196.1627580000004 216
1734071772164 196.1732490000004 217
1734071782177 196.18295500000022 218
1734071792194 196.192728 219
1734071802205 196.20310800000016 220
1734071812221 196.214606 221
1734071822238 196.22429499999998 222
1734071832250 196.23478599999999 223
1734071842268 196.24424800000043 224
1734071852279 196.25386100000014 225
1734071862294 196.26425500000005 226
1734071872312 196.27584400000023 227
1734071882325 196.28554200000008 228
1734071892337 196.2960420000004 229
1734071902353 196.30541800000037 230
1734071912364 196.31523000000016 231
1734071922381 196.32969500000036 232
1734071932397 196.3669500000001 233
1734071942410 197.9090530000003 234
1734071952430 197.92464700000028 235
1734071962450 197.93583000000035 236
1734071972470 197.94544200000018 237
1734071982482 197.95589500000006 238
1734071992498 197.96754800000008 239
1734072002515 197.97716200000013 240
1734072012527 197.9874060000002 241
1734072022544 197.99720700000034 242
1734072032557 198.00681900000018 243
1734072042570 198.0191050000003 244
1734072052581 198.02888500000017 245
1734072062592 198.03849800000035 246
1734072072608 198.04865800000016 247
1734072082627 198.0584600000002 248
1734072092639 198.06807300000037 249
1734072102650 198.08044400000017 250
1734072112664 198.09014200000001 251
1734072122678 198.09975600000007 252
1734072132689 198.10991600000034 253
1734072142704 198.11980200000016 254
1734072152719 198.12940800000024 255
1734072162732 198.14168700000027 256
1734072172747 198.15138400000023 257
1734072182764 198.1609980000003 258
1734072192778 198.171241 259
1734072202795 198.1809500000004 260
1734072212808 198.1903080000002 261
1734072222820 198.2034010000002 262
1734072232840 198.21290800000043 263
1734072242861 199.7460460000002 264
1734072252890 199.7612780000004 265
1734072262902 199.77089000000024 266
1734072272916 199.78033000000005 267
1734072282935 199.7927480000003 268
1734072292948 199.8022560000004 269
1734072302970 199.81161200000042 270
1734072312982 199.82190400000036 271
1734072323001 199.83151800000041 272
1734072333019 199.8410630000003 273
1734072343036 199.85358600000018 274
1734072353052 199.86319900000035 275
1734072363068 199.87266100000033 276
1734072373130 199.883057 277
1734072383146 199.89276700000028 278
1734072393161 199.90230400000019 279
1734072403176 199.91482700000006 280
1734072413189 199.92444000000023 281
1734072423204 199.9339 282
1734072433219 199.94428500000004 283
1734072443230 199.95365300000003 284
1734072453248 199.9635390000003 285
1734072463267 199.97606200000018 286
1734072473282 199.98543900000004 287
1734072483299 199.99513700000034 288
1734072493317 200.005533 289
1734072503331 200.01490300000023 290
1734072513348 200.0313030000002 291
1734072523364 200.0447820000004 292
1734072533382 200.05415800000037 293
1734072543397 201.58760500000017 294
1734072553412 201.6075740000001 295
1734072563432 201.61877100000038 296
1734072573446 201.62869799999999 297
1734072583504 201.64122100000031 298
1734072593520 201.65059800000017 299
1734072603532 201.66029600000002 300
1734072613546 201.67069100000026 301
1734072623558 201.68006800000012 302
1734072633571 201.68995300000006 303
1734072643588 201.7024760000004 304
1734072653603 201.71185300000025 305
1734072663618 201.72146600000042 306
1734072673635 201.73171000000002 307
1734072683646 201.74132400000008 308
1734072693658 201.751041 309
1734072703672 201.76348800000005 310
1734072713687 201.77309300000024 311
1734072723704 201.78270500000008 312
1734072733721 201.79294800000025 313
1734072743734 201.8025620000003 314
1734072753754 201.81227900000022 315
1734072763772 201.82473400000026 316
1734072773788 201.83434800000032 317
1734072783804 201.84396200000037 318
1734072793829 201.85420600000043 319
1734072803847 201.86382000000003 320
1734072813869 201.873654 321
1734072823883 201.8867790000004 322
1734072833900 201.89638300000024 323
1734072843914 203.42951800000037 324
1734072853927 203.44420000000036 325
1734072863946 203.4538980000002 326
1734072873964 203.46351100000038 327
1734072883998 203.47598600000038 328
1734072894012 203.48560000000043 329
1734072904023 203.49497800000017 330
1734072914040 203.5054580000001 331
1734072924063 203.51507000000038 332
1734072934076 203.52444500000001 333
1734072944087 203.53715499999998 334
1734072954102 203.54676800000016 335
1734072964118 203.55623000000014 336
1734072974139 203.56662500000039 337
1734072984156 203.5762380000001 338
1734072994168 203.58561500000042 339
1734073004209 203.59840200000008 340
1734073014223 203.60800000000017 341
1734073024242 203.6173700000004 342
1734073034260 203.62776500000018 343
1734073044272 203.63737800000035 344
1734073054283 203.64684000000034 345
1734073064297 203.6595510000002 346
1734073074310 203.66916300000003 347
1734073084330 203.67854000000034 348
1734073094362 203.68902000000026 349
1734073104374 203.69893100000036 350
1734073114387 203.70842500000026 351
1734073124403 203.72167900000022 352
1734073134420 203.73114000000032 353
1734073144438 205.26935300000014 354
1734073154459 205.30370600000015 355
1734073164476 205.330101 356
1734073174491 205.34290800000008 357
1734073184514 205.35571400000026 358
1734073194524 205.36517500000036 359
1734073204542 205.3748730000002 360
1734073214557 205.385268 361
1734073224574 205.39472100000012 362
1734073234589 205.40811600000006 363
1734073244605 205.42091800000026 364
1734073254619 205.43038000000024 365
1734073264634 205.4400700000001 366
1734073274654 205.45045600000003 367
1734073284666 205.4601260000004 368
1734073294677 205.46968600000037 369
1734073304691 205.48219400000016 370
1734073314709 205.49164800000017 371
1734073324725 205.501346 372
1734073334743 205.51173400000016 373
1734073344758 205.52118800000017 374
1734073354772 205.53079400000024 375
1734073364790 205.5431580000004 376
1734073374809 205.55295800000022 377
1734073384826 205.56256900000017 378
1734073394838 205.572811 379
1734073404885 205.58249999999998 380
1734073828372 205.59218900000042 381
1734073838390 207.13136200000008 382
1734073848408 207.14115200000015 383
1734073858426 207.15085800000043 384
1734073868446 207.1683250000001 385
1734073878489 207.17884200000026 386
1734073888512 207.18873800000028 387
1734073898545 207.204929 388
1734073908566 207.21530600000006 389
1734073918581 207.22513000000026 390
1734073928595 207.23573700000043 391
1734073938612 207.24485900000036 392
1734073948630 207.2533940000003 393
1734073958658 207.26344700000027 394
1734073968676 207.2717120000002 395
1734073978695 207.27978900000016 396
1734073988709 207.28771400000005 397
1734073998725 207.29579200000035 398
1734074008742 207.30717400000003 399
1734074018763 207.3174640000002 400
1734074028801 207.32563700000037 401
1734074038824 207.33355400000028 402
1734074048844 207.34171600000036 403
1734074058860 207.34979300000032 404
1734074068877 207.36112200000025 405
1734074078898 207.37140399999998 406
1734074088921 207.37957800000004 407
1734074098941 207.38750400000026 408
1734074109101 207.39566600000035 409
1734074119118 207.4037430000003 410
1734074129135 207.41518700000006 411
1734074139154 207.42560500000036 412
1734074149170 207.4601050000001 413
1734074159204 207.48008800000025 414
1734074169222 207.48858400000017 415
1734074179252 207.49780800000008 416
1734074189270 209.0328940000004 417
1734074199300 209.04288700000006 418
1734074209318 209.05085700000018 419
1734074219521 209.05897000000004 420
1734074229539 209.0672510000004 421
1734074239553 209.07532700000002 422
1734074249569 209.08688400000028 423
1734074259727 209.0970900000002 424
1734074269742 209.1050150000001 425
1734074279763 209.11327900000015 426
1734074289954 209.1213560000001 427
1734074299972 209.1291970000002 428
1734074309988 209.14111500000035 429
1734074320004 209.1513200000004 430
1734074330021 209.15916000000016 431
1734074340041 209.1674240000002 432
1734074350063 209.1754930000002 433
1734074360080 209.1834090000002 434
1734074370095 209.1957970000003 435
1734074380109 209.20600100000001 436
1734074390126 209.21384100000023 437
1734074400147 209.2221900000004 438
1734074410163 209.23025800000005 439
1734074420180 209.23809000000028 440
1734074430235 209.24985600000036 441
1734074440252 209.2600610000004 442
