1734069599275 0.0009410000002390007 0
1734069609289 3.3866360000001805 1
1734069619299 7.019530000000032 2
1734069629356 9.067222000000129 3
1734069639365 9.980273000000125 4
1734069649380 13.762809000000289 5
1734069659430 14.50700500000039 6
1734069669465 15.033601999999973 7
1734069679478 17.4980300000002 8
1734069689492 19.89037300000018 9
1734069699504 23.801446000000396 10
1734069709519 24.28161100000034 11
1734069719528 24.784450000000106 12
1734069729536 25.31732200000033 13
1734069739553 25.823147000000063 14
1734069749571 35.00121200000012 15
1734069759580 36.28119400000014 16
1734069769590 36.85544000000027 17
1734069779600 37.416503000000375 18
1734069789610 38.051000000000386 19
1734069799621 40.527386000000206 20
1734069809631 43.67146900000034 21
1734069819641 46.97280300000011 22
1734069829653 47.705037000000175 23
1734069839667 52.431670000000395 24
1734069849675 55.566187000000355 25
1734069859686 59.56965100000025 26
1734069869697 61.24007800000027 27
1734069879711 63.28950299999997 28
1734069889721 65.46856600000001 29
1734069899732 66.05700700000034 30
1734069909746 68.50169500000038 31
1734069919755 72.03268500000013 32
1734069929763 74.45954600000005 33
1734069939772 75.011258 34
1734069949784 75.52893400000039 35
1734069959794 76.0296870000002 36
1734069969803 76.52885700000024 37
1734069979813 77.01672300000018 38
1734069989822 78.56121500000017 39
1734069999833 79.043721 40
1734070009842 79.56520200000023 41
1734070019852 80.04479200000014 42
1734070029863 80.53448100000014 43
1734070039876 81.01006300000017 44
1734070049887 81.50057200000037 45
1734070059899 81.97207800000024 46
1734070069911 84.33581100000038 47
1734070079920 84.81050500000038 48
1734070089930 85.37158900000031 49
1734070099940 85.8445840000004 50
1734070109953 86.40666200000032 51
1734070119964 86.87300900000037 52
1734070129974 87.38578400000006 53
1734070139985 89.44711800000005 54
1734070149999 90.04216200000019 55
1734070160008 94.2249270000002 56
1734070170019 94.75800600000002 57
1734070180032 95.23629300000039 58
1734070190044 95.70937400000003 59
1734070200053 96.17951500000026 60
1734070210063 96.6421750000004 61
1734070220074 97.15017500000022 62
1734070230087 97.63706100000036 63
1734070240099 98.12530300000026 64
1734070250113 98.59801800000014 65
1734070260128 99.06793600000037 66
1734070270141 99.53094899999996 67
1734070280159 100.00164500000028 68
1734070290176 100.48561600000039 69
1734070300187 101.02656500000012 70
1734070310203 101.55505600000015 71
1734070320219 102.02614800000038 72
1734070330229 102.48935700000038 73
1734070340239 102.95944200000031 74
1734070350252 103.42953299999999 75
1734070360267 103.891795 76
1734070370276 104.36390700000038 77
1734070380289 104.83352100000002 78
1734070390300 105.29608400000006 79
1734070400313 105.76632700000027 80
1734070410325 106.23614399999997 81
1734070420337 106.69836000000032 82
1734070430349 107.17085800000041 83
1734070440360 109.1645510000003 84
1734070450377 109.6340180000002 85
1734070460390 110.15587500000038 86
1734070470402 110.62640300000021 87
1734070480413 111.0890000000004 88
1734070490427 111.56161500000007 89
1734070500441 112.04038100000025 90
1734070510455 112.58923300000015 91
1734070520468 113.07931800000006 92
1734070530490 114.22872600000028 93
1734070540502 118.68760900000007 94
1734070550511 120.35482500000035 95
1734070560526 120.82482400000026 96
1734070570536 121.2951720000001 97
1734070580547 121.85177700000031 98
1734070590562 122.36392300000034 99
1734070600572 122.85962400000017 100
1734070610585 123.34227499999997 101
1734070620599 123.81238299999995 102
1734070630609 124.40452300000015 103
1734070640625 125.0302730000003 104
1734070650638 125.59914400000025 105
1734070660651 126.19817700000021 106
1734070670668 126.79521599999998 107
1734070680684 127.42324400000007 108
1734070690698 127.88544900000034 109
1734070700710 128.35607500000015 110
1734070710724 128.81737599999997 111
1734070720735 129.29348600000003 112
1734070730745 129.80398600000035 113
1734070740758 131.79808400000002 114
1734070750772 132.2655090000003 115
1734070760781 132.73738100000037 116
1734070770794 133.20870800000012 117
1734070780807 133.67253700000037 118
1734070790820 134.1471800000004 119
1734070800832 134.52717800000028 120
1734070810842 134.98947799999996 121
1734070820852 135.46166400000038 122
1734070830862 135.93306800000028 123
1734070840874 136.39663100000007 124
1734070850886 136.87863900000002 125
1734070860899 137.3501510000001 126
1734070870910 137.81436500000018 127
1734070880919 138.28654300000017 128
1734070890929 138.7579700000001 129
1734070900938 139.22180200000003 130
1734070910948 139.6962040000003 131
1734070920960 140.1678320000001 132
1734070930976 140.63165300000037 133
1734070940991 141.10376700000006 134
1734070951003 141.5752440000001 135
1734070961016 142.0392240000001 136
1734070971026 142.51366000000007 137
1734070981037 142.985365 138
1734070991049 143.4496140000001 139
1734071001062 143.94315200000028 140
1734071011076 144.42162400000007 141
1734071021089 144.88638200000014 142
1734071031103 145.3610960000001 143
1734071041113 147.35689900000034 144
1734071051123 147.91809899999998 145
1734071061135 148.46331800000007 146
1734071071147 149.00220100000024 147
1734071081158 149.5044640000001 148
1734071091174 151.58228099999997 149
1734071101193 154.6704050000003 150
1734071111203 156.166565 151
1734071121218 156.20945900000015 152
1734071131230 156.2279470000003 153
1734071141240 156.48642700000028 154
1734071151250 156.56540200000018 155
1734071161260 156.77901199999997 156
1734071171271 157.045161 157
1734071181283 157.18075100000033 158
1734071191305 157.37235800000008 159
1734071201328 157.61302300000034 160
1734071211345 157.70574299999998 161
1734071221360 157.92208500000015 162
1734071231373 157.99366800000007 163
1734071241389 158.4154520000002 164
1734071251400 161.73774100000037 165
1734071261412 164.24769300000025 166
1734071271427 164.2970190000001 167
1734071281438 165.73961800000006 168
1734071291450 165.7603250000002 169
1734071301462 165.7816770000004 170
1734071311473 165.8536610000001 171
1734071321486 166.0367000000001 172
1734071331502 168.830958 173
1734071341517 171.7516010000004 174
1734071351528 173.19172900000012 175
1734071361540 173.2566340000003 176
1734071371559 173.32981100000006 177
1734071381576 176.2222410000004 178
1734071391594 176.28537000000006 179
1734071401622 176.3480370000002 180
1734071411642 176.77485000000024 181
1734071421666 179.30589800000007 182
1734071431677 179.33197500000006 183
1734071441694 179.3506610000004 184
1734071451709 179.3676730000002 185
1734071461726 179.5914130000001 186
1734071471737 179.8243190000003 187
1734071481755 179.897113 188
1734071491770 179.9067710000004 189
1734071501788 179.98282500000005 190
1734071511798 181.64213800000016 191
1734071521815 184.45825800000011 192
1734071531832 185.6507370000004 193
1734071541846 185.66034500000023 194
1734071551863 185.6698610000003 195
1734071561873 185.68024100000002 196
1734071571885 186.1749450000002 197
1734071581899 189.4406710000003 198
1734071591919 192.50009 199
1734071601935 193.9450020000004 200
1734071611947 193.9622000000004 201
1734071621961 193.97335999999996 202
1734071631979 193.98508600000014 203
1734071641991 195.5182630000004 204
1734071652003 195.5580500000001 205
1734071662013 195.63864600000034 206
1734071672026 195.69955100000016 207
1734071682038 195.71033000000034 208
1734071692053 195.72231899999997 209
1734071702067 195.732031 210
1734071712080 195.74301000000014 211
1734071722097 195.75260200000002 212
1734071732113 195.7620490000004 213
1734071742127 195.77262100000007 214
1734071752143 195.78412500000013 215
1734071762153 195.793725 216
1734071772164 195.80420200000026 217
1734071782177 195.813901 218
1734071792194 195.82364600000028 219
1734071802205 195.83401200000026 220
1734071812221 195.8455100000001 221
1734071822238 195.85517100000015 222
1734071832250 195.86564799999996 223
1734071842268 195.8750960000002 224
1734071852279 195.8846950000002 225
1734071862294 195.89507500000036 226
1734071872312 195.90665000000035 227
1734071882325 195.91632000000027 228
1734071892337 195.9268060000004 229
1734071902353 195.93618200000037 230
1734071912364 195.94596600000023 231
1734071922381 195.96041700000023 232
1734071932397 196.01454600000034 233
1734071942410 197.566507 234
1734071952430 197.5818730000001 235
1734071962450 197.6426660000002 236
1734071972470 197.6522640000003 237
1734071982482 197.66271700000016 238
1734071992498 197.67434200000025 239
1734072002515 197.68394200000012 240
1734072012527 197.69417199999998 241
1734072022544 197.7039450000002 242
1734072032557 197.7135430000003 243
1734072042570 197.72582899999998 244
1734072052581 197.73556700000017 245
1734072062592 197.74516600000015 246
1734072072608 197.75532599999997 247
1734072082627 197.76510000000007 248
1734072092639 197.77469900000006 249
1734072102650 197.78705600000012 250
1734072112664 197.79672600000004 251
1734072122678 197.80632600000035 252
1734072132689 197.81648600000017 253
1734072142704 197.826509 254
1734072152719 197.8364590000001 255
1734072162732 197.84873800000014 256
1734072172747 197.85840700000017 257
1734072182764 197.86800700000003 258
1734072192778 197.87823600000002 259
1734072202795 197.8879310000002 260
1734072212808 197.89727500000026 261
1734072222820 197.9103540000001 262
1734072232840 197.91984700000012 263
1734072242861 199.45297100000016 264
1734072252890 199.46811900000012 265
1734072262902 199.4777170000002 266
1734072272916 199.4871290000001 267
1734072282935 199.49953300000016 268
1734072292948 199.50902700000006 269
1734072302970 199.51836900000035 270
1734072312982 199.5286470000001 271
1734072323001 199.53824699999996 272
1734072333019 199.54776400000037 273
1734072343036 199.56027300000005 274
1734072353052 199.56987200000003 275
1734072363068 199.57932000000028 276
1734072373130 199.58970200000022 277
1734072383146 199.5993980000003 278
1734072393161 199.60890700000027 279
1734072403176 199.6214160000004 280
1734072413189 199.6310150000004 281
1734072423204 199.64046099999996 282
1734072433219 199.65083200000026 283
1734072443230 199.66020000000026 284
1734072453248 199.67004399999996 285
1734072463267 199.68264500000032 286
1734072473282 199.69220600000017 287
1734072483299 199.70187600000008 288
1734072493317 199.71225800000002 289
1734072503331 199.72162800000024 290
1734072513348 199.74451100000033 291
1734072523364 199.75791000000027 292
1734072533382 199.76728600000024 293
1734072543397 201.3007190000003 294
1734072553412 201.32046000000037 295
1734072563432 201.38112100000035 296
1734072573446 201.3910060000003 297
1734072583504 201.40351499999997 298
1734072593520 201.41289200000028 299
1734072603532 201.4225620000002 300
1734072613546 201.43294300000025 301
1734072623558 201.4423200000001 302
1734072633571 201.45216300000038 303
1734072643588 201.46467200000006 304
1734072653603 201.47404900000038 305
1734072663618 201.48364800000036 306
1734072673635 201.49387800000022 307
1734072683646 201.5034780000001 308
1734072693658 201.51318100000026 309
1734072703672 201.5256000000004 310
1734072713687 201.5351910000004 311
1734072723704 201.54478900000004 312
1734072733721 201.55501800000002 313
1734072743734 201.56461800000034 314
1734072753754 201.57432100000005 315
1734072763772 201.58674800000017 316
1734072773788 201.59634800000003 317
1734072783804 201.60594800000035 318
1734072793829 201.61617800000022 319
1734072803847 201.62577800000008 320
1734072813869 201.6355980000003 321
1734072823883 201.64869500000032 322
1734072833900 201.65828499999998 323
1734072843914 203.19140600000037 324
1734072853927 203.20608800000036 325
1734072863946 203.21575800000028 326
1734072873964 203.22535700000026 327
1734072883998 203.23781800000006 328
1734072894012 203.24741800000038 329
1734072904023 203.25679600000012 330
1734072914040 203.2672480000001 331
1734072924063 203.2768460000002 332
1734072934076 203.2862210000003 333
1734072944087 203.29890300000034 334
1734072954102 203.30850200000032 335
1734072964118 203.3179500000001 336
1734072974139 203.32833100000016 337
1734072984156 203.33793000000014 338
1734072994168 203.347307 339
1734073004209 203.360052 340
1734073014223 203.36963600000036 341
1734073024242 203.37900600000012 342
1734073034260 203.38938700000017 343
1734073044272 203.39898600000015 344
1734073054283 203.4084340000004 345
1734073064297 203.42111700000032 346
1734073074310 203.43071499999996 347
1734073084330 203.44009200000028 348
1734073094362 203.45054400000026 349
1734073104374 203.46044100000017 350
1734073114387 203.46993500000008 351
1734073124403 203.4831750000003 352
1734073134420 203.4926220000002 353
1734073144438 205.03510000000006 354
1734073154459 205.09092800000008 355
1734073164476 205.1681110000004 356
1734073174491 205.2162360000002 357
1734073184514 205.22910100000036 358
1734073194524 205.23854800000026 359
1734073204542 205.24821800000018 360
1734073214557 205.25859900000023 361
1734073224574 205.26803800000016 362
1734073234589 205.28622900000028 363
1734073244605 205.29895100000022 364
1734073254619 205.308399 365
1734073264634 205.3180610000004 366
1734073274654 205.32843300000013 367
1734073284666 205.3380960000004 368
1734073294677 205.347628 369
1734073304691 205.36012200000005 370
1734073314709 205.36956200000031 371
1734073324725 205.37923200000023 372
1734073334743 205.38960600000019 373
1734073344758 205.399046 374
1734073354772 205.40863800000034 375
1734073364790 205.4209880000003 376
1734073374809 205.4307600000002 377
1734073384826 205.4403570000004 378
1734073394838 205.45058500000005 379
1734073404885 205.4602460000001 380
1734073828372 205.4748440000003 381
1734073838390 207.01745900000014 382
1734073848408 207.02722100000028 383
1734073858426 207.03704700000026 384
1734073868446 207.05476799999997 385
1734073878489 207.0652710000004 386
1734073888512 207.07515300000023 387
1734073898545 207.09146899999996 388
1734073908566 207.10549000000037 389
1734073918581 207.11790800000017 390
1734073928595 207.12955200000033 391
1734073938612 207.13866000000007 392
1734073948630 207.14718100000027 393
1734073958658 207.15722000000005 394
1734073968676 207.16545700000006 395
1734073978695 207.17352000000028 396
1734073988709 207.18143099999998 397
1734073998725 207.18949500000008 398
1734074008742 207.20087700000022 399
1734074018763 207.211139 400
1734074028801 207.21929799999998 401
1734074038824 207.22720100000015 402
1734074048844 207.2353350000003 403
1734074058860 207.24339800000007 404
1734074068877 207.254727 405
1734074078898 207.26498100000026 406
1734074088921 207.27314100000012 407
1734074098941 207.28105300000016 408
1734074109101 207.2891870000003 409
1734074119118 207.29725000000008 410
1734074129135 207.3086940000003 411
1734074139154 207.3190840000002 412
1734074149170 207.36724600000025 413
1734074159204 207.40295000000015 414
1734074169222 207.4129270000003 415
1734074179252 207.42730100000017 416
1734074189270 208.96846900000037 417
1734074199300 208.9815510000003 418
1734074209318 208.99125100000037 419
1734074219521 209.00170800000024 420
1734074229539 209.0099750000004 421
1734074239553 209.01803700000028 422
1734074249569 209.02958000000035 423
1734074259727 209.03977200000008 424
1734074269742 209.04768300000023 425
1734074279763 209.05591900000036 426
1734074289954 209.06398200000012 427
1734074299972 209.07182300000022 428
1734074309988 209.08369900000025 429
1734074320004 209.0938900000001 430
1734074330021 209.10173000000032 431
1734074340041 209.109966 432
1734074350063 209.11802100000023 433
1734074360080 209.12592300000006 434
1734074370095 209.13828300000023 435
1734074380109 209.1484730000002 436
1734074390126 209.15631299999995 437
1734074400147 209.16462 438
1734074410163 209.17267400000037 439
1734074420180 209.18050600000015 440
1734074430235 209.1922440000003 441
1734074440252 209.20243500000015 442
