1734069599275 5687.8 0
1734069609289 5690.9 1
1734069619299 5687.0 2
1734069629356 5683.4 3
1734069639365 5697.7 4
1734069649380 5707.5 5
1734069659430 5706.4 6
1734069669465 5714.9 7
1734069679478 5702.8 8
1734069689492 5729.0 9
1734069699504 5732.3 10
1734069709519 5731.3 11
1734069719528 5732.1 12
1734069729536 5734.7 13
1734069739553 5734.7 14
1734069749571 5737.5 15
1734069759580 5736.7 16
1734069769590 5738.8 17
1734069779600 5734.5 18
1734069789610 5735.5 19
1734069799621 5741.1 20
1734069809631 5744.7 21
1734069819641 5740.8 22
1734069829653 5737.7 23
1734069839667 5755.0 24
1734069849675 5757.7 25
1734069859686 5782.2 26
1734069869697 5779.4 27
1734069879711 5779.2 28
1734069889721 5783.4 29
1734069899732 5787.8 30
1734069909746 5788.1 31
1734069919755 5790.0 32
1734069929763 5786.1 33
1734069939772 5791.1 34
1734069949784 5790.5 35
1734069959794 5788.6 36
1734069969803 5756.0 37
1734069979813 5755.4 38
1734069989822 5756.7 39
1734069999833 5756.2 40
1734070009842 5763.7 41
1734070019852 5764.4 42
1734070029863 5762.6 43
1734070039876 5766.6 44
1734070049887 5763.0 45
1734070059899 5766.7 46
1734070069911 5767.6 47
1734070079920 5767.9 48
1734070089930 5764.9 49
1734070099940 5764.5 50
1734070109953 5766.4 51
1734070119964 5767.3 52
1734070129974 5769.1 53
1734070139985 5772.1 54
1734070149999 5771.5 55
1734070160008 5770.5 56
1734070170019 5771.1 57
1734070180032 5771.8 58
1734070190044 5771.2 59
1734070200053 5775.2 60
1734070210063 5775.7 61
1734070220074 5773.0 62
1734070230087 5765.9 63
1734070240099 5764.3 64
1734070250113 5760.0 65
1734070260128 5763.7 66
1734070270141 5764.2 67
1734070280159 5765.2 68
1734070290176 5763.1 69
1734070300187 5762.0 70
1734070310203 5759.5 71
1734070320219 5761.7 72
1734070330229 5762.4 73
1734070340239 5763.6 74
1734070350252 5762.8 75
1734070360267 5761.5 76
1734070370276 5755.9 77
1734070380289 5758.9 78
1734070390300 5760.8 79
1734070400313 5758.5 80
1734070410325 5760.1 81
1734070420337 5760.2 82
1734070430349 5755.3 83
1734070440360 5769.6 84
1734070450377 5764.6 85
1734070460390 5767.3 86
1734070470402 5768.0 87
1734070480413 5772.7 88
1734070490427 5770.9 89
1734070500441 5771.0 90
1734070510455 5768.0 91
1734070520468 5769.2 92
1734070530490 5823.6 93
1734070540502 5834.4 94
1734070550511 5842.5 95
1734070560526 5839.7 96
1734070570536 5839.7 97
1734070580547 5773.1 98
1734070590562 5772.7 99
1734070600572 5774.6 100
1734070610585 5766.0 101
1734070620599 5762.3 102
1734070630609 5762.1 103
1734070640625 5763.3 104
1734070650638 5775.1 105
1734070660651 5775.5 106
1734070670668 5775.4 107
1734070680684 5778.7 108
1734070690698 5778.2 109
1734070700710 5781.3 110
1734070710724 5782.3 111
1734070720735 5780.9 112
1734070730745 5780.2 113
1734070740758 5785.9 114
1734070750772 5784.5 115
1734070760781 5785.5 116
1734070770794 5787.2 117
1734070780807 5786.8 118
1734070790820 5786.8 119
1734070800832 5787.9 120
1734070810842 5788.9 121
1734070820852 5789.9 122
1734070830862 5791.3 123
1734070840874 5793.7 124
1734070850886 5791.0 125
1734070860899 5791.5 126
1734070870910 5791.9 127
1734070880919 5793.0 128
1734070890929 5791.4 129
1734070900938 5791.7 130
1734070910948 5789.6 131
1734070920960 5792.6 132
1734070930976 5792.0 133
1734070940991 5791.1 134
1734070951003 5789.2 135
1734070961016 5791.9 136
1734070971026 5785.6 137
1734070981037 5786.9 138
1734070991049 5787.8 139
1734071001062 5789.2 140
1734071011076 5789.9 141
1734071021089 5789.2 142
1734071031103 5786.8 143
1734071041113 5783.0 144
1734071051123 5779.7 145
1734071061135 5780.2 146
1734071071147 5785.3 147
1734071081158 5784.7 148
1734071091174 4887.1 149
1734071101193 4297.8 150
1734071111203 4299.4 151
1734071121218 4296.7 152
1734071131230 4304.3 153
1734071141240 4288.0 154
1734071151250 4288.5 155
1734071161260 4289.5 156
1734071171271 4289.5 157
1734071181283 4289.7 158
1734071191305 4291.4 159
1734071201328 4291.7 160
1734071211345 4285.5 161
1734071221360 4284.1 162
1734071231373 4287.7 163
1734071241389 4296.0 164
1734071251400 4328.1 165
1734071261412 4334.4 166
1734071271427 4329.3 167
1734071281438 4302.1 168
1734071291450 4302.1 169
1734071301462 4302.0 170
1734071311473 4293.0 171
1734071321486 4308.7 172
1734071331502 4323.4 173
1734071341517 4336.4 174
1734071351528 4316.0 175
1734071361540 4314.7 176
1734071371559 4316.1 177
1734071381576 4313.0 178
1734071391594 4315.8 179
1734071401622 4315.0 180
1734071411642 4300.0 181
1734071421666 4294.9 182
1734071431677 4296.6 183
1734071441694 4293.7 184
1734071451709 4296.6 185
1734071461726 4292.0 186
1734071471737 4297.6 187
1734071481755 4300.1 188
1734071491770 4300.3 189
1734071501788 4302.8 190
1734071511798 4311.2 191
1734071521815 4318.7 192
1734071531832 4325.0 193
1734071541846 4321.7 194
1734071551863 4324.9 195
1734071561873 4320.5 196
1734071571885 4303.4 197
1734071581899 4329.5 198
1734071591919 4319.3 199
1734071601935 4321.0 200
1734071611947 4323.0 201
1734071621961 4325.0 202
1734071631979 4318.5 203
1734071641991 4333.7 204
1734071652003 4334.6 205
1734071662013 4334.7 206
1734071672026 4335.1 207
1734071682038 4334.8 208
1734071692053 4333.5 209
1734071702067 4336.8 210
1734071712080 4336.0 211
1734071722097 4336.5 212
1734071732113 4336.0 213
1734071742127 4337.9 214
1734071752143 4336.1 215
1734071762153 4338.2 216
1734071772164 4337.5 217
1734071782177 4335.6 218
1734071792194 4335.5 219
1734071802205 4336.7 220
1734071812221 4338.7 221
1734071822238 4338.8 222
1734071832250 4337.7 223
1734071842268 4339.3 224
1734071852279 4340.3 225
1734071862294 4335.3 226
1734071872312 4337.2 227
1734071882325 4337.9 228
1734071892337 4339.3 229
1734071902353 4337.7 230
1734071912364 4337.1 231
1734071922381 4336.8 232
1734071932397 4335.2 233
1734071942410 4334.7 234
1734071952430 4340.1 235
1734071962450 4331.5 236
1734071972470 4331.1 237
1734071982482 4332.0 238
1734071992498 4333.2 239
1734072002515 4336.0 240
1734072012527 4329.7 241
1734072022544 4332.0 242
1734072032557 4333.2 243
1734072042570 4332.6 244
1734072052581 4329.8 245
1734072062592 4330.3 246
1734072072608 4331.7 247
1734072082627 4331.6 248
1734072092639 4333.4 249
1734072102650 4332.5 250
1734072112664 4332.2 251
1734072122678 4332.4 252
1734072132689 4333.9 253
1734072142704 4334.9 254
1734072152719 4334.3 255
1734072162732 4334.2 256
1734072172747 4335.2 257
1734072182764 4334.3 258
1734072192778 4335.0 259
1734072202795 4333.8 260
1734072212808 4334.3 261
1734072222820 4332.2 262
1734072232840 4332.2 263
1734072242861 4340.5 264
1734072252890 4341.1 265
1734072262902 4344.0 266
1734072272916 4342.6 267
1734072282935 4343.1 268
1734072292948 4323.3 269
1734072302970 4320.2 270
1734072312982 4319.7 271
1734072323001 4323.9 272
1734072333019 4326.4 273
1734072343036 4327.4 274
1734072353052 4324.5 275
1734072363068 4326.3 276
1734072373130 4327.7 277
1734072383146 4332.6 278
1734072393161 4333.6 279
1734072403176 4333.9 280
1734072413189 4329.8 281
1734072423204 4334.3 282
1734072433219 4335.5 283
1734072443230 4333.6 284
1734072453248 4334.6 285
1734072463267 4335.3 286
1734072473282 4338.1 287
1734072483299 4338.6 288
1734072493317 4334.0 289
1734072503331 4331.3 290
1734072513348 4335.7 291
1734072523364 4334.5 292
1734072533382 4328.9 293
1734072543397 4333.1 294
1734072553412 4333.7 295
1734072563432 4331.8 296
1734072573446 4331.5 297
1734072583504 4332.2 298
1734072593520 4330.9 299
1734072603532 4332.8 300
1734072613546 4334.1 301
1734072623558 4332.7 302
1734072633571 4334.5 303
1734072643588 4333.3 304
1734072653603 4337.5 305
1734072663618 4335.0 306
1734072673635 4335.2 307
1734072683646 4334.5 308
1734072693658 4333.9 309
1734072703672 4335.7 310
1734072713687 4338.4 311
1734072723704 4337.6 312
1734072733721 4339.3 313
1734072743734 4336.4 314
1734072753754 4333.9 315
1734072763772 4335.0 316
1734072773788 4334.5 317
1734072783804 4332.6 318
1734072793829 4334.9 319
1734072803847 4334.5 320
1734072813869 4334.7 321
1734072823883 4337.8 322
1734072833900 4333.8 323
1734072843914 4335.5 324
1734072853927 4337.7 325
1734072863946 4337.3 326
1734072873964 4336.7 327
1734072883998 4341.7 328
1734072894012 4333.4 329
1734072904023 4336.2 330
1734072914040 4336.3 331
1734072924063 4339.4 332
1734072934076 4336.5 333
1734072944087 4337.4 334
1734072954102 4332.6 335
1734072964118 4333.1 336
1734072974139 4333.8 337
1734072984156 4333.1 338
1734072994168 4334.8 339
1734073004209 4335.0 340
1734073014223 4331.3 341
1734073024242 4332.0 342
1734073034260 4327.3 343
1734073044272 4334.2 344
1734073054283 4335.2 345
1734073064297 4336.3 346
1734073074310 4335.8 347
1734073084330 4336.5 348
1734073094362 4333.6 349
1734073104374 4336.1 350
1734073114387 4337.5 351
1734073124403 4338.4 352
1734073134420 4336.1 353
1734073144438 4341.2 354
1734073154459 4342.3 355
1734073164476 4338.4 356
1734073174491 4339.9 357
1734073184514 4338.3 358
1734073194524 4327.5 359
1734073204542 4329.9 360
1734073214557 4330.9 361
1734073224574 4334.6 362
1734073234589 4337.4 363
1734073244605 4332.2 364
1734073254619 4335.6 365
1734073264634 4342.2 366
1734073274654 4341.3 367
1734073284666 4339.6 368
1734073294677 4338.7 369
1734073304691 4339.4 370
1734073314709 4338.5 371
1734073324725 4340.3 372
1734073334743 4336.7 373
1734073344758 4338.8 374
1734073354772 4339.4 375
1734073364790 4341.5 376
1734073374809 4337.8 377
1734073384826 4337.2 378
1734073394838 4338.4 379
1734073404885 4341.6 380
1734073828372 4319.0 381
1734073838390 4308.7 382
1734073848408 4305.4 383
1734073858426 4303.6 384
1734073868446 4307.4 385
1734073878489 4310.5 386
1734073888512 4309.1 387
1734073898545 4313.8 388
1734073908566 4312.2 389
1734073918581 4312.4 390
1734073928595 4310.7 391
1734073938612 4310.6 392
1734073948630 4311.4 393
1734073958658 4312.3 394
1734073968676 4306.2 395
1734073978695 4306.9 396
1734073988709 4308.6 397
1734073998725 4309.9 398
1734074008742 4309.6 399
1734074018763 4311.6 400
1734074028801 4310.3 401
1734074038824 4312.1 402
1734074048844 4313.4 403
1734074058860 4313.9 404
1734074068877 4315.4 405
1734074078898 4314.3 406
1734074088921 4312.1 407
1734074098941 4311.2 408
1734074109101 4311.1 409
1734074119118 4315.3 410
1734074129135 4313.1 411
1734074139154 4311.8 412
1734074149170 4308.9 413
1734074159204 4315.3 414
1734074169222 4316.5 415
1734074179252 4316.5 416
1734074189270 4326.3 417
1734074199300 4307.6 418
1734074209318 4309.1 419
1734074219521 4305.6 420
1734074229539 4309.5 421
1734074239553 4306.8 422
1734074249569 4306.2 423
1734074259727 4303.4 424
1734074269742 4300.5 425
1734074279763 4300.1 426
1734074289954 4302.9 427
1734074299972 4299.5 428
1734074309988 4299.2 429
1734074320004 4298.8 430
1734074330021 4299.4 431
1734074340041 4300.4 432
1734074350063 4298.0 433
1734074360080 4297.7 434
1734074370095 4297.9 435
1734074380109 4300.6 436
1734074390126 4303.3 437
1734074400147 4301.1 438
1734074410163 4301.9 439
1734074420180 4302.5 440
1734074430235 4300.2 441
1734074440252 4301.8 442
