1734069599275 69.4 0
1734069609289 69.5 1
1734069619299 69.4 2
1734069629356 69.4 3
1734069639365 69.6 4
1734069649380 69.7 5
1734069659430 69.7 6
1734069669465 69.8 7
1734069679478 69.6 8
1734069689492 69.9 9
1734069699504 70.0 10
1734069709519 70.0 11
1734069719528 70.0 12
1734069729536 70.0 13
1734069739553 70.0 14
1734069749571 70.0 15
1734069759580 70.0 16
1734069769590 70.1 17
1734069779600 70.0 18
1734069789610 70.0 19
1734069799621 70.1 20
1734069809631 70.1 21
1734069819641 70.1 22
1734069829653 70.0 23
1734069839667 70.3 24
1734069849675 70.3 25
1734069859686 70.6 26
1734069869697 70.6 27
1734069879711 70.6 28
1734069889721 70.6 29
1734069899732 70.7 30
1734069909746 70.7 31
1734069919755 70.7 32
1734069929763 70.6 33
1734069939772 70.7 34
1734069949784 70.7 35
1734069959794 70.7 36
1734069969803 70.3 37
1734069979813 70.3 38
1734069989822 70.3 39
1734069999833 70.3 40
1734070009842 70.4 41
1734070019852 70.4 42
1734070029863 70.3 43
1734070039876 70.4 44
1734070049887 70.4 45
1734070059899 70.4 46
1734070069911 70.4 47
1734070079920 70.4 48
1734070089930 70.4 49
1734070099940 70.4 50
1734070109953 70.4 51
1734070119964 70.4 52
1734070129974 70.4 53
1734070139985 70.5 54
1734070149999 70.5 55
1734070160008 70.4 56
1734070170019 70.5 57
1734070180032 70.5 58
1734070190044 70.5 59
1734070200053 70.5 60
1734070210063 70.5 61
1734070220074 70.5 62
1734070230087 70.4 63
1734070240099 70.4 64
1734070250113 70.3 65
1734070260128 70.4 66
1734070270141 70.4 67
1734070280159 70.4 68
1734070290176 70.4 69
1734070300187 70.3 70
1734070310203 70.3 71
1734070320219 70.3 72
1734070330229 70.3 73
1734070340239 70.4 74
1734070350252 70.4 75
1734070360267 70.3 76
1734070370276 70.3 77
1734070380289 70.3 78
1734070390300 70.3 79
1734070400313 70.3 80
1734070410325 70.3 81
1734070420337 70.3 82
1734070430349 70.3 83
1734070440360 70.4 84
1734070450377 70.4 85
1734070460390 70.4 86
1734070470402 70.4 87
1734070480413 70.5 88
1734070490427 70.5 89
1734070500441 70.5 90
1734070510455 70.4 91
1734070520468 70.4 92
1734070530490 71.1 93
1734070540502 71.2 94
1734070550511 71.3 95
1734070560526 71.3 96
1734070570536 71.3 97
1734070580547 70.5 98
1734070590562 70.5 99
1734070600572 70.5 100
1734070610585 70.4 101
1734070620599 70.3 102
1734070630609 70.3 103
1734070640625 70.4 104
1734070650638 70.5 105
1734070660651 70.5 106
1734070670668 70.5 107
1734070680684 70.5 108
1734070690698 70.5 109
1734070700710 70.6 110
1734070710724 70.6 111
1734070720735 70.6 112
1734070730745 70.6 113
1734070740758 70.6 114
1734070750772 70.6 115
1734070760781 70.6 116
1734070770794 70.6 117
1734070780807 70.6 118
1734070790820 70.6 119
1734070800832 70.7 120
1734070810842 70.7 121
1734070820852 70.7 122
1734070830862 70.7 123
1734070840874 70.7 124
1734070850886 70.7 125
1734070860899 70.7 126
1734070870910 70.7 127
1734070880919 70.7 128
1734070890929 70.7 129
1734070900938 70.7 130
1734070910948 70.7 131
1734070920960 70.7 132
1734070930976 70.7 133
1734070940991 70.7 134
1734070951003 70.7 135
1734070961016 70.7 136
1734070971026 70.6 137
1734070981037 70.6 138
1734070991049 70.7 139
1734071001062 70.7 140
1734071011076 70.7 141
1734071021089 70.7 142
1734071031103 70.6 143
1734071041113 70.6 144
1734071051123 70.6 145
1734071061135 70.6 146
1734071071147 70.6 147
1734071081158 70.6 148
1734071091174 59.7 149
1734071101193 52.5 150
1734071111203 52.5 151
1734071121218 52.5 152
1734071131230 52.5 153
1734071141240 52.3 154
1734071151250 52.4 155
1734071161260 52.4 156
1734071171271 52.4 157
1734071181283 52.4 158
1734071191305 52.4 159
1734071201328 52.4 160
1734071211345 52.3 161
1734071221360 52.3 162
1734071231373 52.3 163
1734071241389 52.4 164
1734071251400 52.8 165
1734071261412 52.9 166
1734071271427 52.9 167
1734071281438 52.5 168
1734071291450 52.5 169
1734071301462 52.5 170
1734071311473 52.4 171
1734071321486 52.6 172
1734071331502 52.8 173
1734071341517 52.9 174
1734071351528 52.7 175
1734071361540 52.7 176
1734071371559 52.7 177
1734071381576 52.7 178
1734071391594 52.7 179
1734071401622 52.7 180
1734071411642 52.5 181
1734071421666 52.4 182
1734071431677 52.5 183
1734071441694 52.4 184
1734071451709 52.5 185
1734071461726 52.4 186
1734071471737 52.5 187
1734071481755 52.5 188
1734071491770 52.5 189
1734071501788 52.5 190
1734071511798 52.6 191
1734071521815 52.7 192
1734071531832 52.8 193
1734071541846 52.8 194
1734071551863 52.8 195
1734071561873 52.7 196
1734071571885 52.5 197
1734071581899 52.9 198
1734071591919 52.7 199
1734071601935 52.8 200
1734071611947 52.8 201
1734071621961 52.8 202
1734071631979 52.7 203
1734071641991 52.9 204
1734071652003 52.9 205
1734071662013 52.9 206
1734071672026 52.9 207
1734071682038 52.9 208
1734071692053 52.9 209
1734071702067 52.9 210
1734071712080 52.9 211
1734071722097 52.9 212
1734071732113 52.9 213
1734071742127 53.0 214
1734071752143 52.9 215
1734071762153 53.0 216
1734071772164 53.0 217
1734071782177 52.9 218
1734071792194 52.9 219
1734071802205 52.9 220
1734071812221 53.0 221
1734071822238 53.0 222
1734071832250 53.0 223
1734071842268 53.0 224
1734071852279 53.0 225
1734071862294 52.9 226
1734071872312 52.9 227
1734071882325 53.0 228
1734071892337 53.0 229
1734071902353 53.0 230
1734071912364 52.9 231
1734071922381 52.9 232
1734071932397 52.9 233
1734071942410 52.9 234
1734071952430 53.0 235
1734071962450 52.9 236
1734071972470 52.9 237
1734071982482 52.9 238
1734071992498 52.9 239
1734072002515 52.9 240
1734072012527 52.9 241
1734072022544 52.9 242
1734072032557 52.9 243
1734072042570 52.9 244
1734072052581 52.9 245
1734072062592 52.9 246
1734072072608 52.9 247
1734072082627 52.9 248
1734072092639 52.9 249
1734072102650 52.9 250
1734072112664 52.9 251
1734072122678 52.9 252
1734072132689 52.9 253
1734072142704 52.9 254
1734072152719 52.9 255
1734072162732 52.9 256
1734072172747 52.9 257
1734072182764 52.9 258
1734072192778 52.9 259
1734072202795 52.9 260
1734072212808 52.9 261
1734072222820 52.9 262
1734072232840 52.9 263
1734072242861 53.0 264
1734072252890 53.0 265
1734072262902 53.0 266
1734072272916 53.0 267
1734072282935 53.0 268
1734072292948 52.8 269
1734072302970 52.7 270
1734072312982 52.7 271
1734072323001 52.8 272
1734072333019 52.8 273
1734072343036 52.8 274
1734072353052 52.8 275
1734072363068 52.8 276
1734072373130 52.8 277
1734072383146 52.9 278
1734072393161 52.9 279
1734072403176 52.9 280
1734072413189 52.9 281
1734072423204 52.9 282
1734072433219 52.9 283
1734072443230 52.9 284
1734072453248 52.9 285
1734072463267 52.9 286
1734072473282 53.0 287
1734072483299 53.0 288
1734072493317 52.9 289
1734072503331 52.9 290
1734072513348 52.9 291
1734072523364 52.9 292
1734072533382 52.8 293
1734072543397 52.9 294
1734072553412 52.9 295
1734072563432 52.9 296
1734072573446 52.9 297
1734072583504 52.9 298
1734072593520 52.9 299
1734072603532 52.9 300
1734072613546 52.9 301
1734072623558 52.9 302
1734072633571 52.9 303
1734072643588 52.9 304
1734072653603 53.0 305
1734072663618 52.9 306
1734072673635 52.9 307
1734072683646 52.9 308
1734072693658 52.9 309
1734072703672 52.9 310
1734072713687 53.0 311
1734072723704 53.0 312
1734072733721 53.0 313
1734072743734 52.9 314
1734072753754 52.9 315
1734072763772 52.9 316
1734072773788 52.9 317
1734072783804 52.9 318
1734072793829 52.9 319
1734072803847 52.9 320
1734072813869 52.9 321
1734072823883 53.0 322
1734072833900 52.9 323
1734072843914 52.9 324
1734072853927 53.0 325
1734072863946 52.9 326
1734072873964 52.9 327
1734072883998 53.0 328
1734072894012 52.9 329
1734072904023 52.9 330
1734072914040 52.9 331
1734072924063 53.0 332
1734072934076 52.9 333
1734072944087 53.0 334
1734072954102 52.9 335
1734072964118 52.9 336
1734072974139 52.9 337
1734072984156 52.9 338
1734072994168 52.9 339
1734073004209 52.9 340
1734073014223 52.9 341
1734073024242 52.9 342
1734073034260 52.8 343
1734073044272 52.9 344
1734073054283 52.9 345
1734073064297 52.9 346
1734073074310 52.9 347
1734073084330 52.9 348
1734073094362 52.9 349
1734073104374 52.9 350
1734073114387 53.0 351
1734073124403 53.0 352
1734073134420 52.9 353
1734073144438 53.0 354
1734073154459 53.0 355
1734073164476 53.0 356
1734073174491 53.0 357
1734073184514 53.0 358
1734073194524 52.8 359
1734073204542 52.9 360
1734073214557 52.9 361
1734073224574 52.9 362
1734073234589 52.9 363
1734073244605 52.9 364
1734073254619 52.9 365
1734073264634 53.0 366
1734073274654 53.0 367
1734073284666 53.0 368
1734073294677 53.0 369
1734073304691 53.0 370
1734073314709 53.0 371
1734073324725 53.0 372
1734073334743 52.9 373
1734073344758 53.0 374
1734073354772 53.0 375
1734073364790 53.0 376
1734073374809 53.0 377
1734073384826 52.9 378
1734073394838 53.0 379
1734073404885 53.0 380
1734073828372 52.7 381
1734073838390 52.6 382
1734073848408 52.6 383
1734073858426 52.5 384
1734073868446 52.6 385
1734073878489 52.6 386
1734073888512 52.6 387
1734073898545 52.7 388
1734073908566 52.6 389
1734073918581 52.6 390
1734073928595 52.6 391
1734073938612 52.6 392
1734073948630 52.6 393
1734073958658 52.6 394
1734073968676 52.6 395
1734073978695 52.6 396
1734073988709 52.6 397
1734073998725 52.6 398
1734074008742 52.6 399
1734074018763 52.6 400
1734074028801 52.6 401
1734074038824 52.6 402
1734074048844 52.7 403
1734074058860 52.7 404
1734074068877 52.7 405
1734074078898 52.7 406
1734074088921 52.6 407
1734074098941 52.6 408
1734074109101 52.6 409
1734074119118 52.7 410
1734074129135 52.7 411
1734074139154 52.6 412
1734074149170 52.6 413
1734074159204 52.7 414
1734074169222 52.7 415
1734074179252 52.7 416
1734074189270 52.8 417
1734074199300 52.6 418
1734074209318 52.6 419
1734074219521 52.6 420
1734074229539 52.6 421
1734074239553 52.6 422
1734074249569 52.6 423
1734074259727 52.5 424
1734074269742 52.5 425
1734074279763 52.5 426
1734074289954 52.5 427
1734074299972 52.5 428
1734074309988 52.5 429
1734074320004 52.5 430
1734074330021 52.5 431
1734074340041 52.5 432
1734074350063 52.5 433
1734074360080 52.5 434
1734074370095 52.5 435
1734074380109 52.5 436
1734074390126 52.5 437
1734074400147 52.5 438
1734074410163 52.5 439
1734074420180 52.5 440
1734074430235 52.5 441
1734074440252 52.5 442
